[  5.07713404e-01   3.77099760e-03   1.40555365e-02   4.73431608e-01
   3.42817964e-04   3.42817964e-04   3.42817964e-04]
[  3.33667000e-04   3.37337337e-01   1.83850517e-01   1.70503837e-01
   9.04237571e-02   1.80513847e-01   3.70370370e-02]
[ 0.0005385   0.51211632  0.01130856  0.1459343   0.07592892  0.12977921
  0.12439418]
[  1.31174354e-01   1.99542035e-02   3.27118090e-04   3.27118090e-04
   3.27118090e-04   7.49427543e-01   9.84625450e-02]
[  3.01841473e-01   2.93568188e-03   1.89484921e-02   3.76301041e-02
   5.09741126e-02   5.87403256e-01   2.66880171e-04]
[ 0.27370112  0.00589181  0.23085163  0.42367434  0.00589181  0.03802892
  0.02196036]
[  1.93476948e-01   6.24119187e-03   2.01328770e-04   1.02677673e-02
   4.24803704e-02   6.06200926e-01   1.41131468e-01]
[  4.57247371e-04   5.07544582e-02   7.81893004e-02   6.86328304e-01
   5.02972108e-03   9.64791952e-02   8.27617741e-02]
[  6.95894224e-04   2.85316632e-02   6.95894224e-04   9.33194154e-01
   3.54906054e-02   6.95894224e-04   6.95894224e-04]
[  1.23490264e-01   1.01059896e-02   2.46487552e-04   3.72196204e-02
   1.38279517e-01   6.55903377e-01   3.47547449e-02]
[  1.37373183e-01   5.75815739e-03   8.50013710e-03   8.25335893e-02
   1.51083082e-01   6.14477653e-01   2.74197971e-04]
[  2.63917061e-01   2.47915258e-03   3.40320036e-02   6.55848546e-02
   7.45999549e-02   5.59161596e-01   2.25377507e-04]
[  3.04537999e-01   5.64971751e-03   1.82248952e-04   1.51448879e-01
   2.02478586e-01   2.37105887e-01   9.85966831e-02]
[  2.06176723e-01   2.85959394e-04   2.85959394e-04   4.60394624e-02
   6.89162139e-02   6.09379468e-01   6.89162139e-02]
[ 0.29929459  0.00033591  0.01377225  0.01713134  0.15821297  0.22539469
  0.28585825]
[ 0.42966142  0.00047687  0.08631378  0.20076299  0.24845017  0.03385789
  0.00047687]
[  8.67687475e-02   3.92618767e-04   1.21711818e-02   3.92618767e-04
   4.28347075e-01   3.45897134e-01   1.26030624e-01]
[ 0.12769721  0.05341351  0.02157764  0.00742837  0.23027945  0.3540856
  0.20551822]
[  1.65224557e-01   4.12031314e-04   4.12031314e-04   3.33745365e-02
   2.18788628e-01   4.37165225e-01   1.44622991e-01]
[  3.21844434e-01   4.65766185e-04   3.30693992e-02   4.65766185e-04
   1.77456917e-01   4.66231952e-01   4.65766185e-04]
[ 0.41707833  0.00070572  0.01482004  0.56527876  0.00070572  0.00070572
  0.00070572]
[  3.38180588e-04   1.38654041e-02   3.71998647e-03   1.62664863e-01
   7.54480893e-01   3.38180588e-04   6.45924924e-02]
[ 0.04008495  0.31616671  0.00557473  0.19139899  0.00822936  0.07459517
  0.36395009]
[  4.69777903e-01   5.65082935e-02   5.08855777e-02   2.81135789e-04
   2.81135789e-04   1.21169525e-01   3.01096430e-01]
[ 0.0662634   0.36046192  0.0360187   0.09650811  0.23398405  0.01677206
  0.18999175]
[  7.18458224e-01   2.39406272e-04   2.39406272e-04   2.39406272e-04
   8.64256644e-02   3.85444099e-02   1.55853483e-01]
[ 0.05986959  0.07765264  0.23177238  0.17842324  0.32068761  0.00059277
  0.13100178]
[  9.63437417e-02   2.80491060e-01   1.41713371e-01   2.42860955e-02
   2.66880171e-04   2.66880171e-04   4.56631972e-01]
[  5.32210109e-01   1.45688801e-01   3.63396102e-03   2.01850017e-01
   7.96167823e-02   3.30360093e-04   3.66699703e-02]
[ 0.02184337  0.25625999  0.00053277  0.20831113  0.19765583  0.00053277
  0.31486414]
[  3.00221293e-01   2.45881485e-04   1.25399557e-02   1.15810179e-01
   3.44479961e-01   1.33021883e-01   9.36808458e-02]
[  2.23093819e-01   6.62064638e-02   3.79667399e-02   3.13774710e-04
   3.13774710e-04   3.45152181e-03   6.68653906e-01]
[  2.58803564e-02   4.54391175e-01   4.24268137e-04   2.67713195e-01
   4.24268137e-04   8.90963089e-03   2.42257106e-01]
[ 0.01699785  0.22049318  0.01460378  0.03854441  0.11515442  0.45271726
  0.14148911]
[ 0.04602934  0.20789074  0.03085483  0.40010116  0.01062215  0.04602934
  0.25847243]
[ 0.00058582  0.19390744  0.05916813  0.34622144  0.00644405  0.00058582
  0.39308729]
[ 0.10896663  0.23763571  0.14917571  0.20144753  0.01246482  0.00040209
  0.28990752]
[ 0.68696993  0.00077101  0.00077101  0.16268311  0.14726291  0.00077101
  0.00077101]
[ 0.13164141  0.23936462  0.04765383  0.00383422  0.01661494  0.0239182
  0.5369728 ]
[  2.42860955e-02   2.75153456e-01   3.49879904e-01   1.01681345e-01
   1.71070189e-01   2.66880171e-04   7.76621297e-02]
[  8.00924953e-02   4.81606054e-01   4.01513559e-02   7.37859996e-02
   2.10216523e-04   2.10216523e-04   3.23943662e-01]
[  1.41916365e-01   1.28745473e-01   4.21797827e-01   4.31346724e-02
   1.84721765e-01   7.93546263e-02   3.29272308e-04]
[  4.65324993e-01   1.49850422e-01   2.71960838e-04   2.71960838e-04
   2.71960838e-04   2.72232798e-01   1.11775904e-01]
[ 0.13088489  0.12595514  0.16539315  0.0396845   0.02489524  0.03228987
  0.48089721]
[  8.96211888e-02   1.82014167e-01   6.19032953e-02   3.72651678e-02
   3.07976594e-04   9.27009547e-02   5.36187250e-01]
[ 0.12661825  0.18345437  0.19292706  0.0887275   0.04136407  0.03504894
  0.3318598 ]
[  5.76280944e-01   5.75705239e-04   3.51180196e-02   1.20898100e-02
   2.53886010e-01   1.04202648e-01   1.78468624e-02]
[  1.95517406e-02   6.01335241e-01   9.10824988e-02   4.76871722e-04
   1.19694802e-01   4.76871722e-04   1.67381974e-01]
[  2.64649884e-01   5.09837106e-02   2.98286440e-02   1.31372964e-01
   2.11550666e-04   2.11550666e-04   5.22741697e-01]
[  1.86976299e-01   1.24730668e-01   2.39406272e-04   9.81565717e-03
   9.83959780e-02   2.41800335e-02   5.55661958e-01]
[  9.31770364e-03   6.13465585e-01   3.00571085e-04   3.33633904e-02
   1.23234145e-02   7.84490532e-02   2.52780283e-01]
[ 0.00068634  0.22031572  0.00068634  0.54975978  0.00068634  0.00754976
  0.22031572]
[  2.32180172e-04   3.20640817e-01   4.87578361e-03   1.46505688e-01
   4.43464128e-02   4.89900163e-02   4.34409101e-01]
[  1.04133725e-01   2.10300429e-01   2.25886605e-04   9.96159928e-02
   5.89564039e-02   2.23853625e-01   3.02913937e-01]
[ 0.02541106  0.32436472  0.00548082  0.2894868   0.05530643  0.04035874
  0.25959143]
[  5.33577534e-01   3.29670330e-02   7.36670737e-02   2.56817257e-01
   6.95970696e-02   4.07000407e-04   3.29670330e-02]
[ 0.00315457  0.56811012  0.04903929  0.00889016  0.10926298  0.12646974
  0.13507313]
[  1.65021157e-01   4.70145745e-04   4.70145745e-04   3.06064880e-01
   5.17160320e-03   5.22331923e-01   4.70145745e-04]
[  4.82178500e-01   1.45423439e-02   4.87596236e-02   2.93983462e-01
   1.34302823e-01   2.85143998e-04   2.59481038e-02]
[  1.62736761e-01   2.35794356e-02   3.86548125e-04   2.74449169e-02
   4.25202938e-03   6.11132586e-01   1.70467723e-01]
[ 0.38454059  0.03451629  0.00048614  0.45746232  0.06854643  0.00048614
  0.05396208]
[  3.08909880e-02   1.40668879e-01   3.85754404e-01   2.55297421e-04
   2.55297421e-04   2.83380138e-02   4.13837120e-01]
[  8.55960693e-02   2.09723300e-01   9.59400052e-02   5.97362296e-02
   1.83604862e-02   2.58598397e-04   5.30385312e-01]
[  9.10312395e-02   5.81457843e-01   1.68290225e-01   3.35908633e-04
   3.39267719e-02   3.35908633e-04   1.24622103e-01]
[  1.76816844e-01   2.06248585e-01   5.00339597e-02   2.26398008e-04
   2.06022187e-02   2.51301789e-02   5.20941816e-01]
[  6.48456057e-01   3.39328130e-04   2.06990159e-02   5.12385477e-02
   9.19579233e-02   1.73057346e-02   1.70003393e-01]
[ 0.36746715  0.08654282  0.05935659  0.0004531   0.21341187  0.27231536
  0.0004531 ]
[  3.94184763e-01   2.61317630e-02   1.07103423e-01   2.94810453e-01
   1.43908723e-01   3.34928230e-02   3.68053000e-04]
[  2.38612226e-01   2.36016049e-04   2.36016049e-04   1.18244041e-01
   2.19730942e-01   3.30658485e-01   9.22822752e-02]
[  6.36905907e-02   1.98383683e-01   7.13873388e-02   1.92418703e-04
   1.27188763e-01   1.92418703e-04   5.38964787e-01]
[ 0.03306524  0.53946976  0.06881144  0.07179029  0.02710754  0.12243074
  0.13732499]
[  2.78009452e-04   5.06255213e-01   2.52988602e-02   1.13983875e-02
   1.05921601e-01   2.31025855e-01   1.19822074e-01]
[  3.46588961e-01   1.06273569e-02   4.49091532e-02   6.20500514e-02
   8.60473089e-02   4.49434350e-01   3.42817964e-04]
[  8.27749310e-03   2.60543950e-01   3.94166338e-04   3.94166338e-04
   5.95191171e-02   5.20693733e-01   1.50177375e-01]
[  1.49877150e-01   2.23363860e-04   2.23363860e-04   2.23363860e-04
   2.70270270e-02   7.32856824e-01   8.95689078e-02]
[  6.38279192e-01   2.92654375e-04   6.46766169e-02   1.23207492e-01
   1.08574773e-01   2.92654375e-04   6.46766169e-02]
[  1.27381397e-01   4.00074710e-01   3.73552484e-04   3.73552484e-04
   3.39932761e-02   2.43182667e-01   1.94620844e-01]
[  1.46181510e-01   2.05415697e-01   2.11550666e-04   3.19441506e-02
   4.04061773e-02   7.63697906e-02   4.99471123e-01]
[ 0.08873897  0.08873897  0.00570835  0.12506487  0.15620135  0.52983913
  0.00570835]
[  6.13700025e-02   1.73414820e-01   1.80799593e-02   2.54647313e-04
   9.44741533e-02   4.09982175e-02   6.11408200e-01]
[ 0.16988492  0.17378584  0.07626292  0.0021455   0.01774917  0.05480788
  0.50536376]
[  1.98374397e-01   2.31140462e-02   2.99974600e-01   2.00914402e-01
   2.54000508e-04   1.19634239e-01   1.57734315e-01]
[ 0.1956694   0.03459203  0.00290467  0.06099815  0.39899657  0.14549776
  0.16134143]
[ 0.01458804  0.25087323  0.24265461  0.02486131  0.01869735  0.09061023
  0.35771522]
[  9.10121917e-02   4.39750496e-01   1.33541253e-01   2.86362348e-02
   2.83527077e-04   2.01304225e-02   2.86645875e-01]
[  4.73853124e-02   2.64489334e-01   3.41702851e-02   1.71795356e-02
   2.85067019e-02   1.88786105e-04   6.08080045e-01]
[  1.07333963e-01   1.92005036e-02   3.14762354e-04   3.14762354e-04
   6.01196097e-02   5.79477494e-01   2.33238905e-01]
[  2.75195114e-01   4.10587038e-02   3.39328130e-04   3.08788599e-02
   3.73260943e-03   5.26297930e-01   1.22497455e-01]
[ 0.19865731  0.08880073  0.07354287  0.03387244  0.06438816  0.2322246
  0.30851388]
[  2.08827135e-01   4.08663670e-04   4.08663670e-04   1.67960768e-01
   1.67552105e-02   5.48017981e-01   5.76215774e-02]
[  5.68174527e-01   3.20821303e-04   3.56111646e-02   1.79980751e-01
   5.16522297e-02   1.95700995e-02   1.44690407e-01]
[  7.90132285e-02   3.57525921e-04   2.11297819e-01   5.04111548e-02
   5.39864140e-02   8.97390061e-02   5.15194852e-01]
[ 0.20132482  0.18476461  0.00260232  0.10196357  0.01206529  0.00733381
  0.48994559]
[ 0.15070871  0.09574776  0.04367949  0.03789413  0.10153312  0.36187446
  0.20856234]
[  1.86818512e-01   1.35934093e-01   1.47807124e-02   2.44729828e-02
   2.42306760e-04   5.74509329e-01   6.32420645e-02]
[  2.26471566e-01   3.02959761e-01   3.32557366e-04   1.10076488e-01
   1.36348520e-02   3.32557366e-04   3.46192218e-01]
[  1.54899895e-01   1.47874956e-01   1.44011240e-02   2.84510011e-02
   3.51246927e-04   2.49385318e-02   6.29083246e-01]
[ 0.38127544  0.02849389  0.01492537  0.57123474  0.00135685  0.00135685
  0.00135685]
[ 0.04364601  0.09910779  0.05570292  0.04123463  0.19315168  0.24379069
  0.32336629]
[ 0.00170358  0.00170358  0.01873935  0.97274276  0.00170358  0.00170358
  0.00170358]
[  4.88396259e-02   4.19120194e-02   3.46380326e-04   7.30862487e-02
   4.19120194e-02   6.86179425e-01   1.07724281e-01]
[  5.66593083e-02   1.30242826e-01   3.70615649e-01   2.45278391e-04
   2.45278391e-04   5.17537405e-02   3.90237920e-01]
[  3.77671260e-01   5.01298183e-02   1.81745556e-02   4.01437987e-02
   1.99720391e-04   1.99720391e-04   5.13481126e-01]
[  5.10335324e-01   2.20946256e-01   4.59347726e-04   3.26136886e-02
   4.18006431e-02   4.59347726e-04   1.93385393e-01]
[  3.64886473e-01   3.19795331e-04   1.31116086e-02   1.31116086e-02
   2.30572434e-01   3.77678286e-01   3.19795331e-04]
[  3.69138676e-02   4.02726970e-01   7.01696043e-02   3.65813103e-03
   3.69138676e-02   4.49285002e-01   3.32557366e-04]
[  3.93668052e-01   3.19795331e-04   2.59034218e-02   6.71570195e-03
   1.79405181e-01   3.71282379e-01   2.27054685e-02]
[  4.25776755e-02   1.00115075e-01   1.18910625e-02   1.95627158e-02
   8.47717683e-02   7.40698120e-01   3.83582662e-04]
[ 0.37666406  0.00078309  0.00078309  0.61942052  0.00078309  0.00078309
  0.00078309]
[ 0.01492537  0.01492537  0.01492537  0.76119403  0.01492537  0.1641791
  0.01492537]
[ 0.28221179  0.00052165  0.35524257  0.17788211  0.00052165  0.15701617
  0.02660407]
[ 0.00070077  0.06377015  0.08479327  0.42116328  0.00070077  0.1058164
  0.32305536]
[  6.21766879e-01   4.40040309e-02   6.07994625e-02   6.41585489e-02
   4.73631172e-02   3.35908633e-04   1.61572052e-01]
[  4.15908192e-01   2.41392956e-02   5.97546498e-02   1.11199050e-01
   3.99683419e-02   3.95726157e-04   3.48634745e-01]
[ 0.15529753  0.04886309  0.00532172  0.5616836   0.03918723  0.01983551
  0.16981132]
[  7.80547609e-02   8.21413976e-02   4.08663670e-04   4.94483040e-02
   1.10747855e-01   4.54025337e-01   2.25173682e-01]
[ 0.15374841  0.14104193  0.02668361  0.00127065  0.62388818  0.05209657
  0.00127065]
[ 0.24770642  0.0471517   0.06848731  0.06635374  0.03008321  0.29891188
  0.24130574]
[  1.28878949e-01   7.29661728e-02   2.01565558e-01   5.33967011e-02
   4.33603578e-01   2.79563880e-04   1.09309477e-01]
[  1.00361412e-01   7.25604671e-02   2.78009452e-04   4.06171810e-01
   2.78009452e-04   6.42201835e-02   3.56130108e-01]
[  3.99046902e-01   1.00576875e-01   2.50815149e-04   2.50815149e-04
   2.50815149e-04   2.08427389e-01   2.91196388e-01]
[  6.86338575e-01   2.04206657e-04   1.04145395e-02   1.47233000e-01
   1.04349602e-01   2.04206657e-04   5.12558709e-02]
[  2.55038221e-01   5.81422284e-02   3.49779940e-02   1.18137596e-02
   1.85545518e-01   2.31642344e-04   4.54250637e-01]
[  7.16160480e-02   7.87401575e-03   3.78702662e-02   3.74953131e-04
   3.74953131e-04   8.21522310e-01   6.03674541e-02]
[  1.60630357e-01   2.76472215e-04   1.44042024e-01   1.71689245e-01
   4.31573127e-01   4.45120265e-02   4.72767487e-02]
[ 0.00058928  0.01237478  0.17737183  0.13612257  0.20094284  0.2186211
  0.25397761]
[ 0.11889492  0.31623088  0.2471633   0.2027627   0.00049334  0.03502713
  0.07942773]
[ 0.00835232  0.02353834  0.4715262   0.09946849  0.29688686  0.0007593
  0.09946849]
[ 0.30093071  0.09410548  0.10444674  0.114788    0.22854188  0.00103413
  0.15615305]
[  7.79460658e-02   5.94754341e-02   1.96158109e-01   1.88400443e-02
   2.44181751e-01   3.69412634e-04   4.03029184e-01]
[  3.27118090e-04   4.05953549e-01   1.27903173e-01   3.27118090e-04
   2.32253844e-02   6.86947988e-03   4.35394177e-01]
[ 0.13240673  0.13972202  0.11777615  0.00073153  0.00073153  0.46891002
  0.13972202]
[ 0.18674491  0.14877459  0.0383155   0.06593027  0.17293752  0.04521919
  0.34207801]
[  9.36858901e-02   2.27946205e-04   1.43834055e-01   9.82448142e-02
   3.12514247e-01   2.27946205e-04   3.51265101e-01]
[ 0.20259553  0.24585436  0.46935833  0.00072098  0.00072098  0.07281903
  0.00793079]
[  1.42857143e-01   2.36321056e-02   4.91803279e-02   2.12901852e-04
   2.12901852e-04   6.53821588e-01   1.30083032e-01]
[ 0.05785802  0.31637259  0.00041034  0.00041034  0.0414444   0.23430447
  0.34919984]
[ 0.00205339  0.00205339  0.00205339  0.53593429  0.45379877  0.00205339
  0.00205339]
[  4.32347388e-01   3.37738620e-02   4.42626390e-02   1.89007762e-01
   2.81308999e-01   2.09775540e-04   1.90895742e-02]
[  1.20206068e-02   9.10704064e-01   5.72409845e-04   5.72409845e-04
   5.72409845e-04   5.72409845e-04   7.49856898e-02]
[  4.30167598e-01   5.61088171e-02   6.09667233e-02   2.42895312e-04
   5.61088171e-02   1.75127520e-01   2.21277629e-01]
[  3.78007646e-01   5.41938385e-02   1.48639532e-01   2.47582640e-01
   2.24870699e-04   6.76860805e-02   1.03665392e-01]
[  5.70977918e-01   2.86779467e-04   2.03613421e-02   1.26469745e-01
   3.15457413e-03   3.15457413e-03   2.75595067e-01]
[  1.02692399e-01   2.62091970e-03   2.38265428e-04   1.69168454e-02
   2.38265428e-04   7.76983560e-01   1.00309745e-01]
[  6.20394580e-02   2.28428809e-01   9.76943190e-02   7.63014024e-02
   2.40076064e-02   2.37699073e-04   5.11290706e-01]
[  6.41483134e-01   2.78784500e-04   2.78784500e-04   5.60356844e-02
   1.09004739e-01   5.85447449e-03   1.87064399e-01]
[  5.13287222e-02   8.04514015e-02   3.64033491e-04   3.64033491e-04
   1.12850382e-02   6.51983983e-01   2.04222788e-01]
[  4.03714170e-04   2.54743642e-01   7.30722648e-02   4.80823577e-01
   1.25555107e-01   6.49979814e-02   4.03714170e-04]
[  1.18034751e-01   3.45715998e-01   3.61493909e-02   1.99720391e-04
   3.01577791e-02   1.99720391e-04   4.69542640e-01]
[ 0.27829996  0.05762158  0.24152023  0.0044953   0.00040866  0.37637924
  0.04127503]
[  5.28400368e-01   3.07031010e-04   2.48695118e-02   3.77955173e-01
   3.37734111e-03   6.47835431e-02   3.07031010e-04]
[  6.26174076e-04   5.07201002e-02   6.26174076e-04   6.26174076e-04
   6.26174076e-04   8.71008140e-01   7.57670632e-02]
[  2.98775022e-04   1.64625037e-01   2.98775022e-04   1.13833284e-01
   1.52375261e-02   6.75530326e-01   3.01762773e-02]
[ 0.01115039  0.10089747  0.01930922  0.02202883  0.00571118  0.8243133
  0.01658961]
[  8.21421765e-02   1.35315418e-02   1.90585096e-04   3.47055460e-01
   1.90585096e-04   4.84276730e-01   7.26129217e-02]
[  4.08663670e-04   4.13158970e-01   4.08663670e-04   2.49284839e-02
   1.51614221e-01   2.90559869e-01   1.18921128e-01]
[  4.83834692e-01   2.55833568e-02   6.49423672e-02   1.40849030e-01
   7.89991566e-02   2.81135789e-04   2.05510261e-01]
[  2.59268862e-04   5.72984185e-02   1.22115634e-01   2.36193933e-01
   4.66943220e-01   3.91495981e-02   7.80399274e-02]
[  4.25611638e-01   2.44655058e-02   5.53229006e-02   8.39761957e-02
   1.36874587e-01   2.20409963e-04   2.73528764e-01]
[  1.74158572e-01   8.38039304e-02   1.49311046e-01   2.66772080e-01
   2.25886605e-04   4.08854755e-02   2.84843009e-01]
[  2.40709254e-01   2.42895312e-04   1.48409036e-01   2.42895312e-04
   4.86033520e-01   1.24119504e-01   2.42895312e-04]
[ 0.05114255  0.00036271  0.33405876  0.00036271  0.16721074  0.26151614
  0.18534639]
[  1.20571986e-01   1.17322067e-01   4.25739357e-02   5.36561586e-01
   3.57491063e-03   3.24991875e-04   1.79070523e-01]
[ 0.02739111  0.43152223  0.00044903  0.12617872  0.00044903  0.00493938
  0.4090705 ]
[  5.23155064e-01   9.59067822e-02   2.98775022e-04   1.52375261e-02
   2.71885270e-02   1.10845533e-01   2.27367792e-01]
[  9.12569915e-03   3.56196644e-02   2.09007948e-02   2.94377392e-04
   2.94377392e-04   8.45157492e-01   8.86075949e-02]
[  9.34102507e-02   2.66474373e-01   2.21877080e-04   5.79099179e-02
   6.87818948e-03   2.21877080e-04   5.74883515e-01]
[ 0.24721001  0.38248225  0.06121069  0.04091985  0.11193777  0.02739263
  0.1288468 ]
[  2.46487552e-04   1.53068770e-01   2.71136308e-03   1.50357407e-02
   5.20088736e-02   6.80552132e-01   9.63766330e-02]
[  1.37773259e-01   6.15149975e-02   5.08388409e-04   3.10116929e-02
   6.91916624e-01   7.16827656e-02   5.59227250e-03]
[  1.46063413e-02   3.59814749e-02   3.91877449e-03   3.56252227e-04
   6.80441753e-02   7.94798717e-01   8.22942643e-02]
[  1.11472742e-01   1.33170599e-01   2.71223217e-04   2.71223217e-04
   4.36669379e-02   6.34933550e-01   7.62137239e-02]
[ 0.20045754  0.04889906  0.05461824  0.34057764  0.02030312  0.0288819
  0.30626251]
[ 0.32052578  0.01044826  0.06437479  0.32052578  0.00033704  0.02055949
  0.26322885]
[ 0.09428503  0.06293706  0.01470943  0.10634193  0.01953219  0.55003617
  0.15215819]
[  6.39072095e-02   1.41232659e-01   2.27427792e-04   1.20764157e-01
   2.06959290e-02   4.57129861e-02   6.07459632e-01]
[ 0.00538876  0.05414421  0.04901206  0.04131383  0.05414421  0.72389017
  0.07210675]
[  4.50316338e-02   3.72534425e-01   3.72162263e-04   7.81540752e-03
   2.34834388e-01   3.72162263e-04   3.39039821e-01]
[ 0.10579952  0.20770799  0.02612563  0.1076524   0.19288494  0.01500834
  0.3448212 ]
[  1.12695366e-01   1.67534960e-01   3.86619139e-02   2.74197971e-04
   2.74197971e-04   9.89854675e-02   5.81573896e-01]
[  3.81150959e-01   1.30942452e-01   2.22685571e-01   2.78009452e-04
   8.61829302e-03   7.25604671e-02   1.83764248e-01]
[  5.17051705e-02   6.27062706e-02   2.42390906e-01   3.66703337e-04
   5.98093143e-01   4.43711038e-02   3.66703337e-04]
[ 0.04509114  0.14742565  0.13463383  0.4864087   0.09306044  0.07707067
  0.01630956]
[  2.08767898e-01   1.68110306e-01   1.76772141e-04   2.66925932e-02
   3.37634789e-02   7.97242355e-02   4.82764716e-01]
[ 0.0221328   0.00201207  0.00201207  0.94768612  0.00201207  0.0221328
  0.00201207]
[ 0.00051894  0.11987545  0.10430721  0.00051894  0.15620135  0.51427089
  0.10430721]
[  6.38162093e-04   1.21888960e-01   7.08359923e-02   6.38162093e-04
   1.97830249e-02   7.85577537e-01   6.38162093e-04]
[ 0.18171515  0.32527389  0.295051    0.01548923  0.00037779  0.04948999
  0.13260295]
[ 0.36392743  0.01173959  0.00106724  0.43863394  0.18249733  0.00106724
  0.00106724]
[  3.97298371e-04   8.34326579e-03   9.97218911e-02   7.63210171e-01
   3.97298371e-04   1.15613826e-01   1.23162495e-02]
[  1.80440377e-01   5.46182442e-02   2.85959394e-04   3.00543323e-01
   6.31970260e-02   6.00514727e-03   3.94909923e-01]
[  1.86145865e-02   3.84803174e-01   3.38724443e-02   7.96460177e-02
   3.05157156e-04   3.78700031e-01   1.04058590e-01]
[ 0.12961343  0.05439916  0.05439916  0.07713836  0.01416827  0.46545391
  0.20482771]
[  4.11117545e-02   7.00636943e-02   5.79038796e-04   6.95425594e-01
   5.79038796e-04   1.91661841e-01   5.79038796e-04]
[  4.04217404e-01   1.01277101e-01   6.56370656e-02   4.78170478e-02
   2.97000297e-04   2.97000297e-04   3.80457380e-01]
[ 0.03169125  0.15092564  0.00972702  0.03796674  0.18544085  0.5086288
  0.07561971]
[  4.26075841e-04   2.59906263e-02   7.28589689e-02   8.73881551e-01
   4.26075841e-04   2.59906263e-02   4.26075841e-04]
[ 0.00125471  0.00125471  0.01380176  0.97992472  0.00125471  0.00125471
  0.00125471]
[  4.30235322e-02   2.16306156e-02   2.37699073e-04   4.30473021e-01
   2.37699073e-04   4.58996910e-01   4.54005229e-02]
[  2.15707663e-01   3.02972457e-01   2.72702482e-04   7.93564221e-02
   2.72702482e-04   2.72702482e-04   4.01145350e-01]
[  4.07593664e-01   5.28036208e-03   1.25974353e-01   2.61755092e-01
   1.51118934e-01   2.51445813e-04   4.80261504e-02]
[ 0.00197239  0.00197239  0.12031558  0.86982249  0.00197239  0.00197239
  0.00197239]
[ 0.03534778  0.00114025  0.05815279  0.87913341  0.00114025  0.00114025
  0.02394527]
[ 0.16711349  0.16115579  0.00923444  0.10455764  0.17605004  0.2683944
  0.11349419]
[  2.89742950e-01   2.49563264e-04   8.01098078e-02   2.49563264e-04
   8.51010731e-02   5.11854255e-01   3.26927876e-02]
[ 0.19864177  0.00056593  0.23825693  0.49292586  0.0401811   0.02886248
  0.00056593]
[  1.58482662e-01   6.77216663e-02   4.88713056e-03   2.32720503e-04
   4.67768210e-02   4.88945776e-01   2.32953223e-01]
[ 0.04061896  0.0212766   0.00193424  0.44680851  0.48549323  0.00193424
  0.00193424]
[  1.01675107e-01   3.89559797e-04   1.09466303e-01   7.21075185e-01
   3.89559797e-04   4.71367355e-02   1.98675497e-02]
[  3.35818755e-01   1.46544307e-01   1.17579581e-02   8.05850301e-02
   2.86779467e-04   3.15457413e-03   4.21852595e-01]
[ 0.07283397  0.12115982  0.06593027  0.05902658  0.49050742  0.10735243
  0.08318951]
[ 0.12075548  0.18706048  0.23126381  0.04440426  0.05445047  0.12477396
  0.23729154]
[  3.44632768e-01   8.36696260e-02   3.25531342e-02   2.20877051e-01
   2.71724509e-02   2.69034167e-04   2.90825935e-01]
[ 0.08158738  0.22947991  0.45624846  0.06186838  0.04707912  0.00517624
  0.11856051]
[  8.65428183e-02   5.07929316e-01   4.53103761e-04   4.53103761e-04
   3.67014046e-02   3.62936112e-01   4.98414137e-03]
[  2.14696099e-02   4.81100695e-01   3.02388872e-04   1.18234049e-01
   3.02388872e-04   3.02388872e-04   3.78288479e-01]
[  4.78170478e-02   3.80457380e-01   2.73537274e-01   4.48470448e-02
   2.97000297e-04   1.22067122e-01   1.30977131e-01]
[  1.41277302e-01   5.00414708e-02   7.76886923e-02   2.76472215e-04
   1.21924247e-01   4.20514238e-01   1.88277578e-01]
[  8.27200471e-02   2.94377392e-04   5.62260818e-02   7.42125405e-01
   3.23815131e-03   1.15101560e-01   2.94377392e-04]
[  7.05716302e-04   7.12773465e-02   2.18772054e-02   7.05716302e-04
   7.05716302e-04   8.54622442e-01   5.01058574e-02]
[ 0.05818576  0.50993856  0.09071196  0.08709794  0.04011565  0.05457174
  0.15937839]
[  1.02067607e-01   1.77551690e-01   7.58122744e-02   3.28191664e-04
   3.28191664e-04   5.31998687e-01   1.11913357e-01]
[ 0.34332206  0.00338328  0.23376833  0.13227002  0.00499436  0.19188014
  0.09038183]
[  6.14628150e-04   8.66625691e-02   6.14628150e-04   8.79532883e-01
   3.13460356e-02   6.14628150e-04   6.14628150e-04]
[  1.41525716e-02   4.24922333e-01   3.45184674e-04   2.31618916e-01
   3.45184674e-04   6.59302727e-02   2.62685537e-01]
[  6.68209430e-02   3.85015910e-01   3.21087648e-02   2.89268152e-04
   6.07463118e-03   2.95342783e-01   2.14347700e-01]
[  3.91480426e-02   1.32143393e-01   5.26473676e-02   1.49992500e-04
   2.04139793e-01   1.08144593e-01   4.63626819e-01]
[  8.66845398e-02   3.36907954e-01   1.51921358e-02   6.58325886e-02
   1.01578791e-01   2.97885016e-04   3.93506107e-01]
[  3.07597738e-01   2.23752151e-02   3.95869191e-02   2.45881485e-04
   2.45881485e-04   4.82173592e-01   1.47774773e-01]
[ 0.01823382  0.33285663  0.02180908  0.1254916   0.01465856  0.04326064
  0.44368967]
[  2.53356980e-04   3.77755257e-01   7.85406638e-03   1.29212060e-02
   2.53356980e-04   3.75221687e-01   2.25741069e-01]
[ 0.08469818  0.2016846   0.08001872  0.00046795  0.1689284   0.38886289
  0.07533926]
[  1.08433735e-01   1.41106800e-01   3.35103124e-01   2.92219726e-01
   4.28833980e-03   2.04206657e-04   1.18644068e-01]
[  3.01451433e-02   5.06512840e-01   3.72162263e-04   7.10829922e-02
   3.72162263e-04   3.27874953e-01   6.36397469e-02]
[ 0.19908292  0.19908292  0.22200994  0.02330913  0.17233473  0.09209018
  0.09209018]
[  2.13255864e-01   1.29330751e-01   1.53001937e-01   1.31267484e-02
   2.15192597e-04   2.15192597e-04   4.90854315e-01]
[  3.36577110e-01   1.14448911e-01   1.60990057e-01   1.12333404e-01
   2.11550666e-04   6.57922572e-02   2.09646710e-01]
[  6.17459191e-02   3.45635202e-01   9.95978235e-02   4.75514549e-02
   6.41116631e-02   2.36574403e-04   3.81121363e-01]
[  1.00814026e-01   6.95679399e-01   6.32435817e-02   6.88791484e-03
   6.26174076e-04   3.81966187e-02   9.45522855e-02]
[ 0.07248196  0.05051773  0.01286476  0.07561971  0.00972702  0.70003138
  0.07875745]
[ 0.05593116  0.49231715  0.08666257  0.13583282  0.00061463  0.22802704
  0.00061463]
[  1.96295272e-02   3.04395908e-01   5.83356373e-02   9.98064694e-02
   2.76472215e-04   2.76472215e-04   5.17279513e-01]
[  3.40483487e-04   2.38678924e-01   8.20565203e-02   3.40483487e-04
   4.19135172e-01   1.91011236e-01   6.84371808e-02]
[  7.17458148e-03   1.30167407e-01   7.55039289e-02   3.75811411e-03
   3.41646737e-04   5.43559959e-01   2.39494363e-01]
[ 0.07070707  0.21150903  0.11049893  0.08601163  0.05540251  0.04928069
  0.41659014]
[ 0.03919286  0.30694606  0.37679472  0.23321692  0.00038805  0.00038805
  0.04307334]
[  2.07712961e-01   2.56529168e-01   5.12570173e-03   1.73297535e-02
   2.44081035e-04   2.44081035e-04   5.12814254e-01]
[  7.49335267e-03   4.69180566e-01   1.71621948e-02   9.20957215e-02
   2.41721054e-04   3.55571670e-01   5.82547740e-02]
[  2.66169816e-04   1.20042587e-01   2.66169816e-04   2.66169816e-04
   6.94703221e-02   5.08650519e-01   3.01038062e-01]
[  5.32172230e-03   1.06918239e-01   4.83792937e-04   8.42283503e-01
   5.32172230e-03   3.91872279e-02   4.83792937e-04]
[  9.69081680e-03   5.58375635e-02   5.12228888e-02   4.61467467e-04
   7.89109368e-02   7.11121366e-01   9.27549608e-02]
[  7.01682396e-02   4.10340583e-04   4.10340583e-04   4.10340583e-04
   1.19409110e-01   6.15921215e-01   1.93270414e-01]
[  5.05816894e-04   4.60293374e-02   5.56398584e-03   6.12544259e-01
   1.37076378e-01   1.97774406e-01   5.05816894e-04]
[ 0.05969413  0.2471633   0.04489393  0.13862852  0.40503207  0.10409472
  0.00049334]
[ 0.17116125  0.02256467  0.51238305  0.1601541   0.00055036  0.13263621
  0.00055036]
[  1.81075056e-01   7.20832301e-02   5.72207084e-02   2.72479564e-03
   2.47708695e-04   6.09611097e-01   7.70374040e-02]
[  6.41784251e-02   6.10377788e-01   1.68866636e-01   5.00682749e-03
   8.23850706e-02   4.55166136e-04   6.87300865e-02]
[ 0.12798119  0.02049043  0.07087672  0.04400403  0.55458515  0.08095398
  0.1011085 ]
[  1.62881974e-01   1.23633305e-01   5.35463975e-02   2.80347631e-04
   5.88730025e-03   5.07429212e-02   6.03027754e-01]
[  3.74303159e-02   4.19697372e-01   2.65463233e-04   5.07034776e-02
   1.96708256e-01   5.57472790e-03   2.89620388e-01]
[ 0.04560926  0.41093715  0.0637622   0.00249603  0.02064897  0.27932834
  0.17721806]
[  5.60610508e-02   7.95421192e-02   3.84502495e-02   2.93513355e-04
   3.22864690e-03   7.01790431e-01   1.20633989e-01]
[ 0.00110254  0.00110254  0.00110254  0.87210584  0.02315325  0.10033076
  0.00110254]
[  5.35862289e-01   1.31016895e-01   1.34204654e-01   6.40739560e-02
   3.18775901e-04   1.24641377e-01   9.88205292e-03]
[ 0.4291766   0.0929309   0.04262642  0.06115965  0.06910246  0.06115965
  0.24384432]
[ 0.03524534  0.00069109  0.04906704  0.27021424  0.42225294  0.08362129
  0.13890809]
[ 0.00106724  0.02241195  0.00106724  0.91889007  0.00106724  0.00106724
  0.05442903]
[  5.99880024e-04   5.99880024e-04   2.45950810e-02   8.70425915e-01
   5.99880024e-04   7.85842831e-02   2.45950810e-02]
[  3.80662352e-04   3.80662352e-04   4.18728588e-03   9.93909402e-01
   3.80662352e-04   3.80662352e-04   3.80662352e-04]
[ 0.63576002  0.00260849  0.12354755  0.06189234  0.0690064   0.01683661
  0.09034859]
[  5.68278202e-02   2.82725474e-04   9.92366412e-02   6.98614645e-01
   2.82725474e-04   1.44472717e-01   2.82725474e-04]
[  1.61104244e-01   4.12031314e-04   4.12031314e-04   5.60774619e-01
   2.35269881e-01   4.12031314e-04   4.16151628e-02]
[  1.36812412e-01   4.70145745e-04   4.70145745e-04   8.32628115e-01
   4.70145745e-04   2.86788905e-02   4.70145745e-04]
[  2.66040689e-02   5.21648409e-04   2.09181012e-01   6.68231612e-01
   5.21648409e-04   9.44183620e-02   5.21648409e-04]
[  1.22353785e-01   3.58808755e-04   5.41801220e-02   4.84750628e-01
   1.36706136e-01   1.58234661e-01   4.34158593e-02]
[  4.26859358e-01   3.52485019e-04   3.52485019e-04   3.45787804e-01
   6.73246387e-02   1.55445894e-01   3.87733521e-03]
[  1.93835399e-02   3.56212266e-01   3.11725453e-01   3.11725453e-01
   3.17762949e-04   3.17762949e-04   3.17762949e-04]
[  7.31707317e-02   4.24770352e-01   2.72727273e-01   2.28381375e-01
   3.16756414e-04   3.16756414e-04   3.16756414e-04]
[ 0.22587926  0.28606357  0.15441038  0.02651871  0.03216099  0.01523415
  0.25973293]
[  1.34357957e-01   4.95785821e-04   5.45364403e-03   6.69806644e-01
   1.83936539e-01   4.95785821e-04   5.45364403e-03]
[ 0.01857725  0.04123244  0.13638423  0.05029452  0.17716357  0.18622565
  0.39012234]
[ 0.37309194  0.11395101  0.19914803  0.15654952  0.02520412  0.01100461
  0.12105076]
[ 0.00369499  0.5176352   0.05408129  0.02384951  0.01713134  0.27578099
  0.10782667]
[ 0.09443099  0.11326338  0.06752758  0.04062416  0.56793113  0.06214689
  0.05407587]
[  4.95785821e-04   4.96281606e-01   1.54189390e-01   2.18641547e-01
   4.51165097e-02   5.45364403e-03   7.98215171e-02]
[ 0.11083819  0.10776788  0.07706478  0.00030703  0.21522874  0.24900215
  0.23979122]
[  9.64320154e-04   9.64320154e-04   9.64320154e-04   9.94214079e-01
   9.64320154e-04   9.64320154e-04   9.64320154e-04]
[ 0.00084962  0.06881903  0.38317757  0.54460493  0.00084962  0.00084962
  0.00084962]
[ 0.22710163  0.00125471  0.00125471  0.75407779  0.01380176  0.00125471
  0.00125471]
[ 0.41799832  0.06756378  0.08438464  0.10961592  0.00869078  0.00308382
  0.30866274]
[ 0.16055756  0.06246773  0.4651523   0.25864739  0.00051626  0.05214249
  0.00051626]
[  5.26682944e-02   8.05720265e-02   3.48796652e-04   8.58388559e-01
   3.48796652e-04   3.83676317e-03   3.83676317e-03]
[ 0.03353803  0.00519603  0.30278696  0.36419462  0.2697213   0.02409069
  0.00047237]
[  2.57799672e-01   5.47345375e-04   5.47345375e-04   7.33990148e-01
   6.02079912e-03   5.47345375e-04   5.47345375e-04]
[  2.62674022e-04   1.84134489e-01   2.62674022e-04   1.33963751e-02
   1.63120567e-01   4.96716575e-01   1.42106646e-01]
[ 0.00054735  0.09359606  0.00054735  0.38916256  0.11001642  0.12096333
  0.28516694]
[  3.40483487e-04   4.53183521e-01   3.40483487e-04   2.08035410e-01
   3.40483487e-04   5.48178413e-02   2.82941777e-01]
[  4.18018640e-01   3.45184674e-04   3.45184674e-04   5.04314808e-01
   5.21228857e-02   2.45081118e-02   3.45184674e-04]
[ 0.2355246   0.00043535  0.00043535  0.37048324  0.16586852  0.22681759
  0.00043535]
[  3.88232457e-02   2.41138172e-04   1.08753316e-01   7.33301182e-01
   2.41138172e-04   1.18398843e-01   2.41138172e-04]
[  3.73552484e-04   5.64064251e-02   1.68472170e-01   5.45760179e-01
   2.27867015e-02   1.31116922e-01   7.50840493e-02]
[  5.15481793e-01   5.22665346e-02   2.47708695e-04   7.20832301e-02
   8.44686649e-02   2.15754273e-01   5.96977954e-02]
[  4.53103761e-04   5.75894880e-01   5.48255551e-02   4.53103761e-04
   8.20117807e-02   1.45446307e-01   1.40915270e-01]
[ 0.00105597  0.10665259  0.01161563  0.09609293  0.63463569  0.10665259
  0.04329461]
[ 0.14719272  0.00050582  0.00050582  0.16236722  0.35963581  0.3292868
  0.00050582]
[  2.86362051e-01   2.82525288e-02   3.48796652e-04   6.28182769e-01
   5.26682944e-02   3.48796652e-04   3.83676317e-03]
[ 0.00049579  0.20376797  0.00049579  0.05007437  0.26822013  0.35250372
  0.12444224]
[ 0.3599217   0.04918033  0.08588207  0.12747737  0.02715929  0.24492293
  0.10545632]
[  6.35516311e-01   5.15084621e-03   4.68481727e-02   1.57223449e-01
   2.45278391e-04   1.15526122e-01   3.94898209e-02]
[  2.64965653e-02   2.22767419e-01   3.27118090e-04   2.09682695e-01
   1.14818449e-01   1.34118417e-02   4.12495911e-01]
[  4.80461481e-01   3.72162263e-04   3.72162263e-04   4.17193897e-01
   7.81540752e-03   9.34127279e-02   3.72162263e-04]
[ 0.12907671  0.18879192  0.25769407  0.00045935  0.02802021  0.08773542
  0.30822232]
[  2.56002495e-01   7.82662925e-02   2.02993452e-01   3.11817898e-04
   7.82662925e-02   3.11817898e-04   3.83847833e-01]
[  5.81076970e-02   2.46425312e-02   1.73714633e-01   1.61545482e-01
   5.54000608e-01   2.76848190e-02   3.04228780e-04]
[ 0.01956272  0.19601074  0.08860759  0.14230917  0.13080169  0.4069812
  0.01572689]
[  1.36897990e-01   3.79218809e-04   3.79218809e-04   3.79598028e-01
   4.81987107e-01   3.79218809e-04   3.79218809e-04]
[ 0.05297341  0.36756647  0.21331439  0.07124011  0.03267709  0.03267709
  0.22955145]
[  4.41111601e-04   4.72430525e-01   8.86634318e-02   1.81296868e-01
   4.41111601e-04   4.41111601e-04   2.56285840e-01]
[  9.98378504e-02   1.36900625e-01   9.05721566e-02   2.82835302e-01
   6.74079222e-02   3.22214501e-01   2.31642344e-04]
[  2.15298668e-01   9.02449506e-03   1.37945853e-01   2.02406532e-01
   4.29737860e-04   4.30167598e-01   4.72711646e-03]
[  1.97197197e-01   3.33667000e-04   1.27127127e-01   3.80714047e-01
   3.33667000e-04   2.93960627e-01   3.33667000e-04]
[  3.64033491e-04   1.86021114e-01   2.04222788e-01   4.59046232e-01
   6.58900619e-02   4.40480524e-02   4.04077175e-02]
[  1.68700042e-01   4.20698359e-04   2.14556163e-02   2.23390829e-01
   4.25326041e-01   1.60286075e-01   4.20698359e-04]
[ 0.13116989  0.09026452  0.04117807  0.00299973  0.19661849  0.33569675
  0.20207254]
[ 0.08832885  0.15194519  0.01003181  0.06386102  0.53609004  0.06141424
  0.08832885]
[  3.35779408e-02   1.40315766e-01   1.09183900e-01   4.66977985e-03
   2.22370469e-04   1.11407605e-01   6.00622637e-01]
[  4.95790233e-01   2.40558095e-04   2.40558095e-04   3.46644215e-01
   1.18114025e-01   3.87298533e-02   2.40558095e-04]
[ 0.07721761  0.07083599  0.22399489  0.33248245  0.00063816  0.06445437
  0.23037652]
[  6.94369973e-01   2.97885016e-04   1.81709860e-02   9.85999404e-02
   2.71075365e-02   1.07536491e-01   5.39171880e-02]
[ 0.35202492  0.18736093  0.03159769  0.00044504  0.08055185  0.04494882
  0.30307076]
[  4.29238401e-01   9.07499270e-02   9.36679311e-02   2.91800409e-04
   6.12780858e-03   2.07470090e-01   1.72454041e-01]
[  3.91061453e-02   2.74714598e-01   2.74714598e-01   2.42895312e-04
   4.88219577e-02   1.24119504e-01   2.38280301e-01]
[ 0.00898588  0.20154044  0.34274711  0.24005135  0.00898588  0.0432178
  0.15447154]
[  3.68053000e-04   4.30990063e-01   2.61317630e-02   7.39786529e-02
   2.24880383e-01   2.98122930e-02   2.13838793e-01]
[  7.43934229e-02   2.58873070e-01   4.83256467e-02   2.00521356e-04
   2.82735111e-02   2.00521356e-04   5.89733307e-01]
[ 0.07193942  0.35380732  0.3327724   0.03828355  0.11400926  0.05511149
  0.03407657]
[  7.41068792e-02   2.68674343e-02   4.66784765e-01   3.19161500e-01
   3.86772955e-02   7.41068792e-02   2.95246531e-04]
[  3.60926524e-01   1.99544333e-01   9.70191760e-02   1.89861401e-04
   4.38579837e-02   1.89861401e-04   2.98272261e-01]
[ 0.00037779  0.10238005  0.05704571  0.18927087  0.37060824  0.13638081
  0.14393653]
[ 0.00037779  0.14015867  0.07593502  0.33282962  0.20060446  0.00793351
  0.24216094]
[  5.22069293e-03   1.14380636e-01   5.26815377e-02   5.26815377e-02
   5.22069293e-03   7.69340294e-01   4.74608448e-04]
[ 0.19797887  0.11988976  0.10151585  0.00045935  0.39090492  0.00045935
  0.18879192]
[  4.02637156e-02   1.86249117e-01   1.17965623e-01   2.35460325e-04
   2.59006357e-03   6.38097481e-02   5.88886273e-01]
[ 0.00141443  0.0155587   0.00141443  0.97736917  0.00141443  0.00141443
  0.00141443]
[ 0.0768055   0.33282384  0.32518151  0.00802446  0.00038212  0.02330913
  0.23347344]
[  5.45879906e-03   3.71978165e-01   1.19833637e-01   1.84559397e-02
   2.59942813e-04   2.62542241e-02   4.57759293e-01]
[  5.18442094e-02   1.26644313e-01   1.39540882e-01   4.20686097e-01
   2.57931390e-04   2.60768636e-01   2.57931390e-04]
[  4.07000407e-04   6.95970696e-02   4.15547416e-01   8.99470899e-02
   3.38217338e-01   7.36670737e-02   1.26170126e-02]
[ 0.60570428  0.0302727   0.04528396  0.01776332  0.00775582  0.12284213
  0.17037778]
[ 0.11029604  0.07361802  0.12863505  0.35656275  0.04741944  0.04217972
  0.24128897]
[  1.13030958e-01   1.87425006e-01   1.53827694e-01   2.42380610e-02
   2.39980802e-04   4.32205424e-01   8.90328774e-02]
[  3.14762354e-04   3.02486623e-01   1.04186339e-01   1.38810198e-01
   3.80862449e-02   6.61000944e-03   4.09505823e-01]
[ 0.00054142  0.07092583  0.21169464  0.53113156  0.00054142  0.11965349
  0.06551164]
[ 0.09418838  0.20774883  0.02738811  0.44154977  0.10754843  0.000668
  0.12090848]
[  4.74625026e-02   2.05465379e-04   5.97904253e-02   9.26648860e-02
   6.80295870e-01   4.54078488e-02   7.41730018e-02]
[  4.70764210e-01   2.20288278e-02   1.41691596e-01   9.00190373e-02
   4.37856949e-02   2.71960838e-04   2.31438673e-01]
[  5.64071272e-01   2.70929949e-02   4.41786673e-02   2.44081035e-04
   1.73297535e-02   1.90627288e-01   1.56455943e-01]
[ 0.4381432   0.0243048   0.01992555  0.16444055  0.01116707  0.04182176
  0.30019707]
[ 0.43442804  0.00903681  0.0310778   0.0376901   0.12144589  0.0685475
  0.29777386]
[  4.11444142e-01   2.47708695e-04   4.97894476e-02   7.20832301e-02
   5.47436215e-02   1.81075056e-01   2.30616795e-01]
[ 0.32437385  0.00061087  0.33659133  0.00061087  0.00061087  0.00671961
  0.33048259]
[ 0.35388689  0.03423492  0.04180064  0.0569321   0.04180064  0.02856062
  0.44278419]
[  2.54157515e-02   2.54157515e-02   3.13774710e-04   1.28647631e-02
   5.99309696e-02   7.34546596e-01   1.41512394e-01]
[ 0.10820177  0.21601848  0.06199461  0.00038506  0.08509819  0.15055834
  0.37774355]
[  6.43747893e-02   3.94674756e-01   1.71890799e-02   3.37040782e-04
   3.37040782e-04   4.62082912e-01   6.10043815e-02]
[  2.49046444e-02   2.89656720e-01   3.59210231e-01   2.24366166e-04
   2.71483060e-02   1.57280682e-01   1.41575050e-01]
