[ 0.03832753  0.00348432  0.90940767  0.00348432  0.00348432  0.03832753
  0.00348432]
[ 0.88643533  0.00315457  0.00315457  0.00315457  0.00315457  0.0977918
  0.00315457]
[ 0.4386921   0.0027248   0.02997275  0.38419619  0.0027248   0.13896458
  0.0027248 ]
[ 0.00197239  0.00197239  0.19921105  0.00197239  0.79092702  0.00197239
  0.00197239]
[ 0.00729927  0.73722628  0.00729927  0.00729927  0.00729927  0.22627737
  0.00729927]
[ 0.93774319  0.00389105  0.04280156  0.00389105  0.00389105  0.00389105
  0.00389105]
[ 0.12062257  0.00389105  0.70428016  0.00389105  0.12062257  0.04280156
  0.00389105]
[ 0.00325733  0.00325733  0.00325733  0.32899023  0.00325733  0.65472313
  0.00325733]
[ 0.56302521  0.00280112  0.42296919  0.00280112  0.00280112  0.00280112
  0.00280112]
[ 0.0018622   0.52327747  0.20670391  0.0018622   0.0018622   0.24394786
  0.02048417]
[ 0.00265252  0.63925729  0.34748011  0.00265252  0.00265252  0.00265252
  0.00265252]
[ 0.00315457  0.00315457  0.35015773  0.00315457  0.03470032  0.00315457
  0.60252366]
[ 0.00729927  0.00729927  0.00729927  0.00729927  0.22627737  0.73722628
  0.00729927]
[ 0.10327456  0.00251889  0.00251889  0.15365239  0.02770781  0.70780856
  0.00251889]
[ 0.00258398  0.00258398  0.80361757  0.00258398  0.02842377  0.15762274
  0.00258398]
[ 0.06231454  0.00296736  0.35905045  0.15133531  0.00296736  0.41839763
  0.00296736]
[ 0.06240487  0.00152207  0.30593607  0.00152207  0.00152207  0.62557078
  0.00152207]
[ 0.00265252  0.4801061   0.24137931  0.16180371  0.00265252  0.10875332
  0.00265252]
[ 0.30538922  0.06586826  0.00598802  0.48502994  0.00598802  0.1257485
  0.00598802]
[ 0.48987854  0.00404858  0.12550607  0.12550607  0.00404858  0.24696356
  0.00404858]
[ 0.00296736  0.00296736  0.35905045  0.00296736  0.38872404  0.24035608
  0.00296736]
[ 0.00389105  0.08171206  0.08171206  0.00389105  0.82101167  0.00389105
  0.00389105]
[ 0.00251889  0.73299748  0.15365239  0.10327456  0.00251889  0.00251889
  0.00251889]
[ 0.00564972  0.40112994  0.11864407  0.06214689  0.00564972  0.00564972
  0.40112994]
[ 0.00440529  0.09251101  0.44493392  0.09251101  0.00440529  0.35682819
  0.00440529]
[ 0.00164745  0.01812191  0.23228995  0.74299835  0.00164745  0.00164745
  0.00164745]
[ 0.00315457  0.03470032  0.00315457  0.0977918   0.00315457  0.00315457
  0.85488959]
[ 0.01030928  0.73195876  0.01030928  0.21649485  0.01030928  0.01030928
  0.01030928]
[ 0.00389105  0.00389105  0.27626459  0.00389105  0.54863813  0.00389105
  0.15953307]
[ 0.05882353  0.00280112  0.00280112  0.78711485  0.03081232  0.11484594
  0.00280112]
[ 0.46594005  0.0027248   0.49318801  0.0027248   0.0027248   0.0027248
  0.02997275]
[ 0.02917772  0.32095491  0.26790451  0.00265252  0.00265252  0.37400531
  0.00265252]
[ 0.04422869  0.00107875  0.69147789  0.00107875  0.00107875  0.25997843
  0.00107875]
[ 0.00149925  0.00149925  0.36131934  0.5862069   0.04647676  0.00149925
  0.00149925]
[ 0.0014556   0.0014556   0.07423581  0.01601164  0.01601164  0.0014556
  0.88937409]
[ 0.00564972  0.51412429  0.06214689  0.00564972  0.34463277  0.00564972
  0.06214689]
[ 0.003367    0.003367    0.003367    0.84511785  0.003367    0.13804714
  0.003367  ]
[ 0.00251889  0.00251889  0.00251889  0.00251889  0.00251889  0.98488665
  0.00251889]
[ 0.00636943  0.00636943  0.00636943  0.96178344  0.00636943  0.00636943
  0.00636943]
[ 0.00389105  0.93774319  0.00389105  0.04280156  0.00389105  0.00389105
  0.00389105]
[ 0.73645918  0.00080841  0.17865804  0.00080841  0.00080841  0.04122878
  0.04122878]
[ 0.05882353  0.05882353  0.05882353  0.64705882  0.05882353  0.05882353
  0.05882353]
[ 0.00374532  0.11610487  0.82771536  0.0411985   0.00374532  0.00374532
  0.00374532]
[ 0.00348432  0.00348432  0.10801394  0.00348432  0.80487805  0.00348432
  0.07317073]
[ 0.00389105  0.00389105  0.15953307  0.50972763  0.00389105  0.3151751
  0.00389105]
[ 0.12846348  0.00251889  0.05289673  0.80856423  0.00251889  0.00251889
  0.00251889]
[ 0.04453441  0.00404858  0.1659919   0.00404858  0.00404858  0.77327935
  0.00404858]
[ 0.002457    0.002457    0.1007371   0.1007371   0.78869779  0.002457
  0.002457  ]
[ 0.08929789  0.00068166  0.24608044  0.11656442  0.00068166  0.54601227
  0.00068166]
[ 0.0027248   0.0027248   0.0027248   0.0027248   0.0027248   0.02997275
  0.95640327]
[ 0.00123916  0.00123916  0.00123916  0.45972739  0.01363073  0.0260223
  0.49690211]
[ 0.00534759  0.00534759  0.70053476  0.1657754   0.11229947  0.00534759
  0.00534759]
[ 0.0411985   0.94007491  0.00374532  0.00374532  0.00374532  0.00374532
  0.00374532]
