[ 0.0198915   0.03797468  0.94213382]
[ 0.1090175   0.86271871  0.0282638 ]
[ 0.23328786  0.09686221  0.66984993]
[ 0.13521545  0.00148588  0.86329866]
[ 0.00180832  0.00180832  0.99638336]
[ 0.18573186  0.00123001  0.81303813]
[ 0.20302648  0.00126103  0.79571248]
[ 0.4605598   0.00254453  0.53689567]
[ 0.45388788  0.11030741  0.4358047 ]
[ 0.27944573  0.00230947  0.7182448 ]
[ 0.23943662  0.00469484  0.75586854]
[ 0.44877345  0.001443    0.54978355]
[ 0.74269006  0.06042885  0.19688109]
[ 0.64896074  0.00230947  0.34872979]
[ 0.19248826  0.00469484  0.8028169 ]
[ 0.43891403  0.55957768  0.0015083 ]
[ 0.35276968  0.00291545  0.64431487]
[ 0.29129887  0.69482976  0.01387137]
[ 0.26551373  0.72329603  0.01119023]
[ 0.22775264  0.22775264  0.54449472]
[ 0.36343115  0.00225734  0.63431151]
[ 0.19715808  0.01953819  0.78330373]
[ 0.30781011  0.01684533  0.67534456]
[ 0.17460317  0.01587302  0.80952381]
[ 0.38842975  0.00275482  0.60881543]
[ 0.20197044  0.00492611  0.79310345]
[ 0.27823691  0.00275482  0.71900826]
[ 0.00184162  0.11233886  0.88581952]
[ 0.089701    0.00110742  0.90919158]
[ 0.001443   0.2034632  0.7950938]
[ 0.54107649  0.00283286  0.45609065]
[ 0.2986627   0.69985141  0.00148588]
[  7.61614623e-04   2.36862148e-01   7.62376238e-01]
[ 0.75809935  0.04535637  0.19654428]
[ 0.7485172   0.00118624  0.25029656]
[ 0.06278714  0.52220521  0.41500766]
[ 0.74045802  0.00254453  0.25699746]
[ 0.64238411  0.00220751  0.35540839]
[ 0.42830009  0.01044634  0.56125356]
[ 0.47394541  0.47394541  0.05210918]
[ 0.2155477   0.00353357  0.78091873]
[ 0.01204819  0.25301205  0.73493976]
[ 0.06997743  0.63431151  0.29571106]
[ 0.0831643   0.69168357  0.22515213]
[ 0.62694301  0.00518135  0.36787565]
[ 0.60565593  0.39355852  0.00078555]
[ 0.78435518  0.00211416  0.21353066]
[ 0.00330033  0.99339934  0.00330033]
[ 0.00254453  0.99491094  0.00254453]
[ 0.17124736  0.82663848  0.00211416]
[ 0.00207039  0.99585921  0.00207039]
[ 0.06772908  0.77158035  0.16069057]
[ 0.06400839  0.87198321  0.06400839]
[ 0.0017452   0.57766143  0.42059337]
