[ 0.32972973  0.00540541  0.65405405  0.00540541  0.00540541]
[ 0.81333333  0.01333333  0.14666667  0.01333333  0.01333333]
[ 0.26451613  0.2         0.39354839  0.13548387  0.00645161]
[ 0.00168067  0.00168067  0.1697479   0.35462185  0.47226891]
[ 0.00183486  0.55229358  0.44220183  0.00183486  0.00183486]
[ 0.00540541  0.00540541  0.70810811  0.00540541  0.27567568]
[ 0.37582418  0.0021978   0.35384615  0.0021978   0.26593407]
[ 0.00740741  0.00740741  0.45185185  0.00740741  0.52592593]
[ 0.18878505  0.13271028  0.6         0.05794393  0.02056075]
[ 0.15443038  0.23037975  0.53417722  0.00253165  0.07848101]
[ 0.00224719  0.00224719  0.2494382   0.00224719  0.74382022]
[ 0.02588235  0.00235294  0.40235294  0.28470588  0.28470588]
[ 0.25957447  0.00425532  0.72765957  0.00425532  0.00425532]
[ 0.03283582  0.18208955  0.77910448  0.00298507  0.00298507]
[ 0.00444444  0.36        0.58222222  0.00444444  0.04888889]
[ 0.00338983  0.00338983  0.91864407  0.07118644  0.00338983]
[ 0.11232877  0.00273973  0.74246575  0.03013699  0.11232877]
[ 0.10877193  0.03859649  0.84561404  0.00350877  0.00350877]
[ 0.0013986   0.0013986   0.32307692  0.40699301  0.26713287]
[ 0.0147651   0.41744966  0.39060403  0.00134228  0.17583893]
[ 0.00122699  0.00122699  0.05030675  0.61472393  0.33251534]
[ 0.06138614  0.25940594  0.61584158  0.0019802   0.06138614]
[ 0.00645161  0.00645161  0.2         0.2         0.58709677]
[ 0.00363636  0.00363636  0.04        0.47636364  0.47636364]
[ 0.00206186  0.00206186  0.22886598  0.33195876  0.43505155]
[ 0.03054187  0.00098522  0.02068966  0.54285714  0.40492611]
[ 0.04489796  0.53469388  0.4122449   0.00408163  0.00408163]
[ 0.00229885  0.02528736  0.11724138  0.53103448  0.32413793]
[ 0.76091954  0.00229885  0.1862069   0.00229885  0.04827586]
[ 0.17446809  0.00425532  0.42978723  0.00425532  0.38723404]
[ 0.0019802   0.0019802   0.27920792  0.2990099   0.41782178]
[ 0.00183486  0.00183486  0.00183486  0.6440367   0.35045872]
[ 0.48235294  0.01176471  0.36470588  0.01176471  0.12941176]
[ 0.35696203  0.07848101  0.40759494  0.00253165  0.15443038]
[ 0.61709402  0.03589744  0.17264957  0.01880342  0.15555556]
[ 0.33090909  0.04        0.44        0.11272727  0.07636364]
[ 0.83880597  0.00298507  0.12238806  0.03283582  0.00298507]
[ 0.74956522  0.03652174  0.21043478  0.00173913  0.00173913]
[ 0.53469388  0.00408163  0.45306122  0.00408163  0.00408163]
[ 0.37627119  0.17288136  0.37627119  0.00338983  0.07118644]
[ 0.26557377  0.29836066  0.33114754  0.00327869  0.10163934]
[ 0.30823529  0.00235294  0.63764706  0.02588235  0.02588235]
[ 0.62975207  0.00165289  0.00165289  0.00165289  0.36528926]
[ 0.04        0.07809524  0.66857143  0.00190476  0.21142857]
[ 0.00465116  0.00465116  0.70232558  0.05116279  0.2372093 ]
[ 0.27111111  0.00444444  0.40444444  0.00444444  0.31555556]
[ 0.0021978   0.0021978   0.0021978   0.68351648  0.30989011]
[ 0.00740741  0.15555556  0.67407407  0.00740741  0.15555556]
[ 0.00606061  0.06666667  0.55151515  0.00606061  0.36969697]
[ 0.52842105  0.00210526  0.46526316  0.00210526  0.00210526]
[ 0.73877551  0.00408163  0.24897959  0.00408163  0.00408163]
[ 0.81538462  0.0021978   0.15604396  0.02417582  0.0021978 ]
[ 0.09333333  0.40444444  0.44888889  0.04888889  0.00444444]
[ 0.00338983  0.00338983  0.57966102  0.00338983  0.41016949]
[ 0.0018018   0.0018018   0.61441441  0.10990991  0.27207207]
[ 0.55068493  0.00273973  0.19452055  0.00273973  0.24931507]
[ 0.00266667  0.00266667  0.34933333  0.16266667  0.48266667]
[ 0.00298507  0.00298507  0.80895522  0.06268657  0.12238806]
[ 0.00307692  0.00307692  0.55692308  0.00307692  0.43384615]
[ 0.0021978   0.0021978   0.92527473  0.0021978   0.06813187]
[ 0.14385965  0.00350877  0.35438596  0.31929825  0.17894737]
[ 0.00210526  0.00210526  0.27578947  0.00210526  0.71789474]
[ 0.00176991  0.37345133  0.03716814  0.17876106  0.40884956]
