LDA有效比例(主题概率分布显著)为 0.52：其中划入主题范围的新闻数为184,总新闻数为357
[ 0.08249497  0.00201207  0.0221328   0.00201207  0.08249497  0.00201207
  0.80684105]
[ 0.05882353  0.05882353  0.05882353  0.64705882  0.05882353  0.05882353
  0.05882353]
[ 0.05882353  0.05882353  0.05882353  0.64705882  0.05882353  0.05882353
  0.05882353]
[ 0.03703704  0.03703704  0.03703704  0.77777778  0.03703704  0.03703704
  0.03703704]
[ 0.01298701  0.01298701  0.01298701  0.92207792  0.01298701  0.01298701
  0.01298701]
[ 0.01492537  0.01492537  0.01492537  0.01492537  0.01492537  0.01492537
  0.91044776]
[ 0.01298701  0.01298701  0.92207792  0.01298701  0.01298701  0.01298701
  0.01298701]
[ 0.05882353  0.05882353  0.64705882  0.05882353  0.05882353  0.05882353
  0.05882353]
[ 0.05882353  0.05882353  0.05882353  0.64705882  0.05882353  0.05882353
  0.05882353]
[ 0.05882353  0.05882353  0.05882353  0.05882353  0.64705882  0.05882353
  0.05882353]
[ 0.64705882  0.05882353  0.05882353  0.05882353  0.05882353  0.05882353
  0.05882353]
[ 0.05882353  0.64705882  0.05882353  0.05882353  0.05882353  0.05882353
  0.05882353]
[ 0.64705882  0.05882353  0.05882353  0.05882353  0.05882353  0.05882353
  0.05882353]
[ 0.64705882  0.05882353  0.05882353  0.05882353  0.05882353  0.05882353
  0.05882353]
[ 0.05882353  0.05882353  0.05882353  0.64705882  0.05882353  0.05882353
  0.05882353]
[ 0.0212766   0.0212766   0.87234043  0.0212766   0.0212766   0.0212766
  0.0212766 ]
[ 0.03703704  0.03703704  0.77777778  0.03703704  0.03703704  0.03703704
  0.03703704]
[ 0.05882353  0.64705882  0.05882353  0.05882353  0.05882353  0.05882353
  0.05882353]
[ 0.05882353  0.05882353  0.05882353  0.64705882  0.05882353  0.05882353
  0.05882353]
[ 0.05882353  0.64705882  0.05882353  0.05882353  0.05882353  0.05882353
  0.05882353]
[ 0.03703704  0.03703704  0.77777778  0.03703704  0.03703704  0.03703704
  0.03703704]
[ 0.01754386  0.01754386  0.89473684  0.01754386  0.01754386  0.01754386
  0.01754386]
[ 0.05882353  0.05882353  0.64705882  0.05882353  0.05882353  0.05882353
  0.05882353]
[ 0.05882353  0.05882353  0.64705882  0.05882353  0.05882353  0.05882353
  0.05882353]
[ 0.05882353  0.05882353  0.64705882  0.05882353  0.05882353  0.05882353
  0.05882353]
[ 0.05882353  0.05882353  0.05882353  0.64705882  0.05882353  0.05882353
  0.05882353]
[ 0.64705882  0.05882353  0.05882353  0.05882353  0.05882353  0.05882353
  0.05882353]
[ 0.05882353  0.05882353  0.05882353  0.64705882  0.05882353  0.05882353
  0.05882353]
[ 0.03703704  0.03703704  0.77777778  0.03703704  0.03703704  0.03703704
  0.03703704]
[ 0.01492537  0.01492537  0.91044776  0.01492537  0.01492537  0.01492537
  0.01492537]
[ 0.05882353  0.05882353  0.64705882  0.05882353  0.05882353  0.05882353
  0.05882353]
[ 0.05882353  0.05882353  0.05882353  0.64705882  0.05882353  0.05882353
  0.05882353]
[ 0.05882353  0.05882353  0.05882353  0.64705882  0.05882353  0.05882353
  0.05882353]
[ 0.01298701  0.01298701  0.01298701  0.92207792  0.01298701  0.01298701
  0.01298701]
[ 0.03703704  0.03703704  0.03703704  0.77777778  0.03703704  0.03703704
  0.03703704]
[ 0.64705882  0.05882353  0.05882353  0.05882353  0.05882353  0.05882353
  0.05882353]
[ 0.05882353  0.05882353  0.05882353  0.64705882  0.05882353  0.05882353
  0.05882353]
[ 0.0212766   0.0212766   0.87234043  0.0212766   0.0212766   0.0212766
  0.0212766 ]
[ 0.05882353  0.05882353  0.64705882  0.05882353  0.05882353  0.05882353
  0.05882353]
[ 0.01754386  0.01754386  0.89473684  0.01754386  0.01754386  0.01754386
  0.01754386]
[ 0.0212766   0.0212766   0.87234043  0.0212766   0.0212766   0.0212766
  0.0212766 ]
[ 0.50272628  0.3391494   0.05561614  0.08833152  0.01199564  0.00109051
  0.00109051]
[ 0.75330396  0.13656388  0.00440529  0.00440529  0.09251101  0.00440529
  0.00440529]
[ 0.0531401   0.68115942  0.0531401   0.00483092  0.00483092  0.00483092
  0.19806763]
[ 0.51944685  0.02679343  0.0008643   0.0008643   0.0008643   0.01815039
  0.43301642]
[ 0.42268041  0.42268041  0.01030928  0.01030928  0.11340206  0.01030928
  0.01030928]
[ 0.03832753  0.17770035  0.00348432  0.28222997  0.38675958  0.00348432
  0.10801394]
[ 0.72525849  0.0014771   0.23781388  0.0014771   0.0310192   0.0014771
  0.0014771 ]
[ 0.15762274  0.77777778  0.00258398  0.00258398  0.00258398  0.02842377
  0.02842377]
[ 0.14285714  0.01298701  0.01298701  0.01298701  0.01298701  0.79220779
  0.01298701]
[ 0.11340206  0.01030928  0.01030928  0.01030928  0.11340206  0.73195876
  0.01030928]
[ 0.00460829  0.00460829  0.00460829  0.00460829  0.69585253  0.00460829
  0.28110599]
[ 0.00348432  0.07317073  0.00348432  0.03832753  0.59581882  0.00348432
  0.28222997]
[  5.03597122e-02   5.53403431e-04   7.31045932e-01   5.53403431e-04
   2.26895407e-02   5.53403431e-04   1.94244604e-01]
[ 0.00239808  0.00239808  0.0263789   0.00239808  0.88968825  0.07434053
  0.00239808]
[ 0.9910045   0.00149925  0.00149925  0.00149925  0.00149925  0.00149925
  0.00149925]
[ 0.99086758  0.00152207  0.00152207  0.00152207  0.00152207  0.00152207
  0.00152207]
[ 0.0027248   0.02997275  0.08446866  0.0027248   0.41144414  0.46594005
  0.0027248 ]
[ 0.77133389  0.0008285   0.0008285   0.0008285   0.0008285   0.0091135
  0.21623861]
[ 0.05882353  0.05882353  0.05882353  0.64705882  0.05882353  0.05882353
  0.05882353]
[ 0.05882353  0.05882353  0.05882353  0.64705882  0.05882353  0.05882353
  0.05882353]
[ 0.05882353  0.05882353  0.05882353  0.64705882  0.05882353  0.05882353
  0.05882353]
[ 0.05882353  0.05882353  0.05882353  0.64705882  0.05882353  0.05882353
  0.05882353]
[ 0.05882353  0.05882353  0.05882353  0.64705882  0.05882353  0.05882353
  0.05882353]
[ 0.05882353  0.05882353  0.05882353  0.64705882  0.05882353  0.05882353
  0.05882353]
[ 0.05882353  0.05882353  0.05882353  0.05882353  0.64705882  0.05882353
  0.05882353]
[ 0.18322698  0.00091158  0.00091158  0.00091158  0.64813127  0.00091158
  0.16499544]
[ 0.05882353  0.05882353  0.05882353  0.64705882  0.05882353  0.05882353
  0.05882353]
[  7.42390497e-04   7.42390497e-04   7.42390497e-04   7.42390497e-04
   7.42390497e-04   7.42390497e-04   9.95545657e-01]
[ 0.05882353  0.05882353  0.05882353  0.64705882  0.05882353  0.05882353
  0.05882353]
[  7.67763472e-02   4.76871722e-04   1.47830234e-02   1.57844540e-01
   1.00143062e-02   4.76871722e-04   7.39628040e-01]
[ 0.16621253  0.0027248   0.0027248   0.0027248   0.02997275  0.0027248
  0.79291553]
[ 0.10037175  0.00123916  0.0755886   0.00123916  0.45972739  0.01363073
  0.34820322]
[  2.33609646e-02   7.53579503e-04   3.08967596e-02   4.59683497e-02
   7.53579503e-04   7.53579503e-04   8.97513188e-01]
[ 0.00201207  0.08249497  0.00201207  0.0221328   0.6861167   0.20321932
  0.00201207]
[ 0.02044791  0.01071081  0.00097371  0.00097371  0.0399221   0.00097371
  0.92599805]
[ 0.05882353  0.05882353  0.05882353  0.64705882  0.05882353  0.05882353
  0.05882353]
[ 0.00239808  0.00239808  0.00239808  0.14628297  0.00239808  0.00239808
  0.84172662]
[ 0.00179533  0.59425494  0.00179533  0.00179533  0.00179533  0.3967684
  0.00179533]
[  2.09884902e-02   6.77048070e-04   6.77048070e-04   6.77048070e-04
   6.77048070e-04   6.77048070e-04   9.75626269e-01]
[ 0.0027248   0.19346049  0.0027248   0.0027248   0.0027248   0.79291553
  0.0027248 ]
[ 0.00234192  0.00234192  0.00234192  0.02576112  0.00234192  0.96252927
  0.00234192]
[ 0.15133531  0.06231454  0.00296736  0.00296736  0.24035608  0.00296736
  0.53709199]
[  3.63797693e-02   8.87311446e-04   1.86335404e-02   2.75066548e-02
   1.86335404e-02   8.87311446e-04   8.97071872e-01]
[ 0.01606733  0.00076511  0.18439174  0.00841622  0.74292272  0.00076511
  0.04667177]
[ 0.58459743  0.00116686  0.01283547  0.00116686  0.30455076  0.01283547
  0.08284714]
[ 0.04453441  0.00404858  0.00404858  0.00404858  0.04453441  0.00404858
  0.89473684]
[  3.02137067e-02   7.36919676e-04   3.02137067e-02   2.28445099e-02
   8.55563744e-01   7.36919676e-04   5.96904937e-02]
[ 0.25540025  0.00127065  0.00127065  0.01397713  0.62388818  0.00127065
  0.10292249]
[ 0.44525547  0.00066357  0.04047777  0.00066357  0.09356337  0.00066357
  0.41871267]
[ 0.6744186   0.02842377  0.00258398  0.00258398  0.00258398  0.00258398
  0.28682171]
[ 0.11229947  0.00534759  0.00534759  0.11229947  0.00534759  0.00534759
  0.7540107 ]
[  6.34115409e-04   6.34115409e-04   6.34115409e-04   1.96575777e-02
   7.93278377e-01   2.59987318e-02   1.59162968e-01]
[ 0.27002967  0.00296736  0.00296736  0.00296736  0.65578635  0.00296736
  0.06231454]
[ 0.00075358  0.00075358  0.19668425  0.00075358  0.7317257   0.00075358
  0.06857573]
[ 0.09131905  0.0011274   0.0011274   0.33934611  0.0011274   0.0011274
  0.56482525]
[  8.28500414e-04   8.28500414e-04   9.11350456e-03   8.28500414e-04
   9.12178956e-01   8.28500414e-04   7.53935377e-02]
[  5.50357733e-04   5.50357733e-04   1.38139791e-01   5.50357733e-04
   5.50357733e-04   5.50357733e-04   8.59108420e-01]
[ 0.7148847   0.00209644  0.04402516  0.00209644  0.00209644  0.00209644
  0.2327044 ]
[ 0.00152207  0.01674277  0.01674277  0.00152207  0.00152207  0.92998478
  0.03196347]
[ 0.65690377  0.0013947   0.0013947   0.0432357   0.0013947   0.0013947
  0.29428173]
[ 0.01674277  0.01674277  0.73211568  0.00152207  0.00152207  0.22983257
  0.00152207]
[ 0.11507293  0.00162075  0.00162075  0.00162075  0.00162075  0.00162075
  0.87682334]
[ 0.0027248   0.38419619  0.0027248   0.11171662  0.0027248   0.49318801
  0.0027248 ]
[ 0.0030581   0.0030581   0.0030581   0.0030581   0.0030581   0.98165138
  0.0030581 ]
[ 0.11943794  0.00234192  0.00234192  0.00234192  0.09601874  0.00234192
  0.77517564]
[  8.48541611e-01   2.67594327e-04   5.61948087e-03   3.77308001e-02
   4.30826866e-02   2.67594327e-04   6.44902328e-02]
[  9.11028237e-02   5.32765051e-04   5.32765051e-04   1.23068727e-01
   5.32765051e-04   3.24986681e-02   7.51731486e-01]
[ 0.003367    0.71043771  0.003367    0.003367    0.003367    0.27272727
  0.003367  ]
[ 0.00460829  0.00460829  0.00460829  0.55760369  0.00460829  0.41935484
  0.00460829]
[ 0.002457    0.24815725  0.002457    0.002457    0.002457    0.73955774
  0.002457  ]
[ 0.03264095  0.38872404  0.09198813  0.00296736  0.00296736  0.47774481
  0.00296736]
[ 0.00223714  0.36017897  0.00223714  0.00223714  0.00223714  0.62863535
  0.00223714]
[ 0.00170358  0.00170358  0.00170358  0.00170358  0.03577513  0.95570698
  0.00170358]
[ 0.62107052  0.00084962  0.00084962  0.00084962  0.00934579  0.00084962
  0.36618522]
[ 0.00258398  0.00258398  0.26098191  0.13178295  0.02842377  0.54521964
  0.02842377]
[ 0.00280112  0.00280112  0.05882353  0.00280112  0.05882353  0.84313725
  0.03081232]
[ 0.3151751   0.00389105  0.00389105  0.66536965  0.00389105  0.00389105
  0.00389105]
[ 0.00288184  0.00288184  0.00288184  0.26224784  0.00288184  0.72334294
  0.00288184]
[  9.39283861e-02   9.39283861e-02   5.18941360e-04   5.18941360e-04
   5.18941360e-04   5.18941360e-04   8.10067462e-01]
[ 0.04918033  0.04918033  0.00234192  0.00234192  0.00234192  0.89227166
  0.00234192]
[ 0.0030581   0.09480122  0.0030581   0.0030581   0.0030581   0.88990826
  0.0030581 ]
[ 0.002457    0.002457    0.002457    0.002457    0.002457    0.96068796
  0.02702703]
[ 0.00258398  0.77777778  0.00258398  0.00258398  0.00258398  0.20930233
  0.00258398]
[ 0.00315457  0.00315457  0.00315457  0.00315457  0.00315457  0.98107256
  0.00315457]
[ 0.07070707  0.20538721  0.003367    0.37373737  0.003367    0.34006734
  0.003367  ]
[ 0.20461095  0.00288184  0.00288184  0.00288184  0.00288184  0.78097983
  0.00288184]
[ 0.00239808  0.00239808  0.00239808  0.00239808  0.98561151  0.00239808
  0.00239808]
[ 0.10886806  0.68565249  0.00072098  0.08723864  0.00793079  0.0223504
  0.08723864]
[ 0.14543812  0.12737127  0.38934056  0.00090334  0.00090334  0.00090334
  0.33514002]
[  3.45162859e-02   3.93777346e-02   2.47933884e-02   4.86144871e-04
   8.70685464e-01   2.47933884e-02   5.34759358e-03]
[ 0.05035971  0.60191847  0.00239808  0.09832134  0.00239808  0.24220624
  0.00239808]
[ 0.13586291  0.00122399  0.6499388   0.02570379  0.0624235   0.00122399
  0.12362301]
[ 0.11282411  0.00070077  0.48423266  0.00070077  0.00070077  0.00770848
  0.39313245]
[ 0.12707182  0.02446725  0.00078927  0.08760852  0.00078927  0.00078927
  0.75848461]
[ 0.48987854  0.00404858  0.00404858  0.00404858  0.00404858  0.00404858
  0.48987854]
[ 0.30601569  0.30601569  0.00087184  0.31473409  0.00959024  0.00087184
  0.06190061]
[ 0.00325733  0.13355049  0.00325733  0.00325733  0.81758958  0.00325733
  0.03583062]
[ 0.08265802  0.00162075  0.00162075  0.08265802  0.81199352  0.0178282
  0.00162075]
[ 0.03517588  0.13567839  0.00167504  0.03517588  0.00167504  0.78894472
  0.00167504]
[ 0.04496788  0.00214133  0.00214133  0.17344754  0.00214133  0.77301927
  0.00214133]
[ 0.00404858  0.00404858  0.69230769  0.00404858  0.00404858  0.28744939
  0.00404858]
[  3.27118090e-04   4.94275433e-01   1.34118417e-02   3.27118090e-04
   3.59829899e-03   4.87733072e-01   3.27118090e-04]
[ 0.00209644  0.0230608   0.04402516  0.58909853  0.00209644  0.33752621
  0.00209644]
[ 0.00288184  0.00288184  0.00288184  0.00288184  0.00288184  0.98270893
  0.00288184]
[ 0.56554307  0.00374532  0.00374532  0.00374532  0.0411985   0.00374532
  0.37827715]
[ 0.00193424  0.04061896  0.00193424  0.83365571  0.04061896  0.07930368
  0.00193424]
[ 0.00228833  0.00228833  0.02517162  0.25400458  0.00228833  0.71167048
  0.00228833]
[ 0.002457    0.002457    0.02702703  0.002457    0.002457    0.88697789
  0.07616708]
[ 0.00059988  0.00059988  0.31853629  0.00659868  0.5824835   0.07858428
  0.01259748]
[ 0.00315457  0.00315457  0.00315457  0.00315457  0.57097792  0.41324921
  0.00315457]
[ 0.0246085   0.00223714  0.00223714  0.00223714  0.96420582  0.00223714
  0.00223714]
[ 0.35003296  0.02702703  0.0006592   0.60052736  0.02043507  0.0006592
  0.0006592 ]
[ 0.00440529  0.09251101  0.00440529  0.00440529  0.35682819  0.40088106
  0.13656388]
[ 0.60467381  0.00097371  0.02044791  0.00097371  0.030185    0.00097371
  0.34177215]
[  1.91533299e-01   6.35518844e-01   5.16262261e-04   1.19256582e-01
   2.11667527e-02   3.14919979e-02   5.16262261e-04]
[ 0.00189753  0.02087287  0.00189753  0.00189753  0.00189753  0.96963947
  0.00189753]
[ 0.00265252  0.00265252  0.24137931  0.00265252  0.00265252  0.74535809
  0.00265252]
[ 0.00234192  0.54098361  0.02576112  0.00234192  0.00234192  0.42388759
  0.00234192]
[ 0.0212766   0.00193424  0.00193424  0.00193424  0.35009671  0.62088975
  0.00193424]
[ 0.0014771   0.01624815  0.0014771   0.0014771   0.0014771   0.97636632
  0.0014771 ]
[ 0.07434053  0.43405276  0.00239808  0.09832134  0.00239808  0.38609113
  0.00239808]
[ 0.02702703  0.2972973   0.002457    0.002457    0.002457    0.66584767
  0.002457  ]
[ 0.0030581   0.06422018  0.0030581   0.0030581   0.03363914  0.88990826
  0.0030581 ]
[ 0.07419018  0.60710554  0.00104493  0.00104493  0.00104493  0.26227795
  0.05329154]
[ 0.00135685  0.00135685  0.00135685  0.01492537  0.97829037  0.00135685
  0.00135685]
[  9.23029933e-01   6.10873549e-04   6.71960904e-03   6.71960904e-03
   6.10873549e-04   6.10873549e-04   6.16982285e-02]
[ 0.10334789  0.23435226  0.01601164  0.40902475  0.0014556   0.0014556
  0.23435226]
[ 0.00598802  0.00598802  0.00598802  0.30538922  0.00598802  0.66467066
  0.00598802]
[ 0.00223714  0.00223714  0.00223714  0.00223714  0.00223714  0.98657718
  0.00223714]
[  4.02525651e-02   9.32123125e-01   7.89265983e-04   7.89265983e-04
   7.89265983e-04   7.89265983e-04   2.44672455e-02]
[ 0.11864407  0.23163842  0.00564972  0.00564972  0.28813559  0.00564972
  0.34463277]
[ 0.00564972  0.06214689  0.00564972  0.00564972  0.11864407  0.79661017
  0.00564972]
[ 0.0030581   0.49235474  0.03363914  0.33944954  0.0030581   0.12538226
  0.0030581 ]
[ 0.04280156  0.00389105  0.00389105  0.3151751   0.50972763  0.00389105
  0.12062257]
[ 0.00440529  0.00440529  0.00440529  0.04845815  0.66519824  0.26872247
  0.00440529]
[ 0.00201207  0.00201207  0.08249497  0.32394366  0.00201207  0.56539235
  0.0221328 ]
[ 0.00209644  0.00209644  0.46331237  0.00209644  0.06498952  0.46331237
  0.00209644]
[ 0.89227166  0.00234192  0.04918033  0.02576112  0.00234192  0.02576112
  0.00234192]
[ 0.00325733  0.00325733  0.23127036  0.00325733  0.68729642  0.00325733
  0.06840391]
[ 0.01974865  0.01974865  0.00179533  0.00179533  0.95332136  0.00179533
  0.00179533]
[ 0.20247295  0.04791345  0.69706337  0.0015456   0.04791345  0.0015456
  0.0015456 ]
[ 0.00389105  0.74319066  0.00389105  0.00389105  0.00389105  0.23735409
  0.00389105]
[ 0.96159527  0.0310192   0.0014771   0.0014771   0.0014771   0.0014771
  0.0014771 ]
[ 0.92140641  0.01137539  0.05274043  0.00103413  0.01137539  0.00103413
  0.00103413]
[  3.48796652e-04   8.16532961e-01   3.48796652e-04   3.48796652e-04
   3.48796652e-04   1.81723055e-01   3.48796652e-04]
[ 0.42714996  0.29921819  0.00071073  0.00071073  0.00071073  0.02914001
  0.24235963]
[ 0.72652389  0.00164745  0.00164745  0.00164745  0.00164745  0.00164745
  0.26523888]
[ 0.10659898  0.00507614  0.00507614  0.00507614  0.15736041  0.05583756
  0.66497462]
[  2.41602829e-02   7.71950501e-02   5.89275192e-04   5.89275192e-04
   5.89275192e-04   8.02003536e-01   9.48733058e-02]
[ 0.13375796  0.00636943  0.19745223  0.4522293   0.13375796  0.00636943
  0.07006369]
[  8.05162876e-02   6.14628150e-04   6.14628150e-04   6.64413030e-01
   6.14628150e-04   6.14628150e-04   2.52612170e-01]
[ 0.27828746  0.0030581   0.0030581   0.0030581   0.67584098  0.0030581
  0.03363914]
[ 0.00201207  0.00201207  0.0221328   0.00201207  0.00201207  0.96780684
  0.00201207]
[ 0.00137552  0.66162311  0.00137552  0.00137552  0.00137552  0.00137552
  0.33149931]
[ 0.04312115  0.00205339  0.00205339  0.00205339  0.39219713  0.51540041
  0.04312115]
[ 0.33624454  0.0014556   0.0014556   0.0014556   0.07423581  0.52547307
  0.05967977]
[ 0.00201207  0.16297787  0.04225352  0.00201207  0.0221328   0.74647887
  0.0221328 ]
[ 0.00137552  0.00137552  0.11141678  0.12517194  0.00137552  0.75790922
  0.00137552]
[ 0.00404858  0.12550607  0.00404858  0.00404858  0.00404858  0.85425101
  0.00404858]
[ 0.24137931  0.59665622  0.01149425  0.00104493  0.03239289  0.00104493
  0.11598746]
[ 0.0014771   0.14918759  0.0014771   0.0014771   0.56277696  0.28212703
  0.0014771 ]
[ 0.00133869  0.25568942  0.00133869  0.18875502  0.00133869  0.46987952
  0.08165997]
[ 0.15328467  0.22627737  0.00729927  0.08029197  0.00729927  0.51824818
  0.00729927]
[  4.37254045e-04   9.18233494e-03   1.14123306e-01   1.35548754e-02
   8.53082641e-01   9.18233494e-03   4.37254045e-04]
[ 0.00193424  0.60154739  0.00193424  0.23404255  0.00193424  0.00193424
  0.15667311]
[ 0.00288184  0.26224784  0.00288184  0.00288184  0.63688761  0.08933718
  0.00288184]
[ 0.06214689  0.06214689  0.00564972  0.00564972  0.85310734  0.00564972
  0.00564972]
[ 0.00598802  0.00598802  0.24550898  0.00598802  0.7245509   0.00598802
  0.00598802]
[ 0.26224784  0.00288184  0.00288184  0.00288184  0.6945245   0.00288184
  0.03170029]
[ 0.00205339  0.06365503  0.37166324  0.00205339  0.26899384  0.28952772
  0.00205339]
[ 0.04402516  0.00209644  0.77777778  0.00209644  0.00209644  0.00209644
  0.16981132]
[ 0.47534517  0.00197239  0.00197239  0.00197239  0.02169625  0.00197239
  0.49506903]
[ 0.00201207  0.00201207  0.00201207  0.00201207  0.00201207  0.96780684
  0.0221328 ]
[ 0.01873935  0.03577513  0.00170358  0.00170358  0.88756388  0.0528109
  0.00170358]
[ 0.2270364   0.0017331   0.0017331   0.03639515  0.0017331   0.72963605
  0.0017331 ]
[  4.03714170e-04   4.03714170e-04   2.05894227e-02   4.03714170e-04
   4.03714170e-04   4.03714170e-04   9.77392006e-01]
[ 0.00460829  0.00460829  0.64976959  0.00460829  0.00460829  0.32718894
  0.00460829]
[ 0.00193424  0.21470019  0.00193424  0.07930368  0.00193424  0.69825919
  0.00193424]
[ 0.00325733  0.06840391  0.00325733  0.00325733  0.03583062  0.88273616
  0.00325733]
[ 0.00460829  0.00460829  0.18894009  0.00460829  0.00460829  0.74193548
  0.05069124]
[ 0.03703704  0.00176367  0.00176367  0.00176367  0.00176367  0.95414462
  0.00176367]
[ 0.00239808  0.00239808  0.00239808  0.62589928  0.12230216  0.24220624
  0.00239808]
[ 0.00296736  0.03264095  0.00296736  0.15133531  0.00296736  0.8041543
  0.00296736]
[ 0.03832753  0.21254355  0.00348432  0.00348432  0.00348432  0.70034843
  0.03832753]
[ 0.04327717  0.08622398  0.01354476  0.00363396  0.78989098  0.01024116
  0.05318797]
[ 0.0030581   0.03363914  0.12538226  0.0030581   0.0030581   0.82874618
  0.0030581 ]
[ 0.0030581   0.0030581   0.4617737   0.0030581   0.3088685   0.21712538
  0.0030581 ]
[ 0.00120919  0.00120919  0.14631197  0.00120919  0.84764208  0.00120919
  0.00120919]
[ 0.00348432  0.00348432  0.00348432  0.00348432  0.00348432  0.97909408
  0.00348432]
[ 0.00421941  0.00421941  0.00421941  0.00421941  0.93248945  0.0464135
  0.00421941]
[ 0.00258398  0.00258398  0.95865633  0.00258398  0.00258398  0.00258398
  0.02842377]
[ 0.42410304  0.00091996  0.00091996  0.32290708  0.01931923  0.08371665
  0.14811408]
[ 0.00090334  0.00090334  0.00090334  0.86811201  0.00090334  0.00090334
  0.12737127]
[ 0.002457    0.002457    0.002457    0.002457    0.98525799  0.002457
  0.002457  ]
[ 0.03170029  0.00288184  0.03170029  0.00288184  0.92507205  0.00288184
  0.00288184]
[ 0.00315457  0.00315457  0.00315457  0.00315457  0.94952681  0.00315457
  0.03470032]
[ 0.002457    0.12530713  0.002457    0.002457    0.002457    0.83783784
  0.02702703]
[ 0.00201207  0.00201207  0.04225352  0.62575453  0.00201207  0.32394366
  0.00201207]
[ 0.0027248   0.19346049  0.0027248   0.05722071  0.08446866  0.65667575
  0.0027248 ]
[ 0.0030581   0.33944954  0.0030581   0.0030581   0.0030581   0.64525994
  0.0030581 ]
[ 0.02407002  0.00218818  0.00218818  0.00218818  0.00218818  0.96498906
  0.00218818]
[ 0.0027248   0.02997275  0.0027248   0.02997275  0.0027248   0.90190736
  0.02997275]
[ 0.00280112  0.11484594  0.00280112  0.00280112  0.14285714  0.73109244
  0.00280112]
[ 0.00091996  0.52529899  0.03771849  0.00091996  0.05611776  0.00091996
  0.37810488]
[ 0.37672584  0.10059172  0.06114398  0.43589744  0.00197239  0.00197239
  0.02169625]
[ 0.00288184  0.00288184  0.00288184  0.00288184  0.00288184  0.00288184
  0.98270893]
[ 0.06114398  0.00197239  0.27810651  0.04142012  0.59368836  0.02169625
  0.00197239]
[ 0.06877114  0.0011274   0.03494927  0.03494927  0.73393461  0.06877114
  0.05749718]
[ 0.00080841  0.01697656  0.00080841  0.67987065  0.04931285  0.00080841
  0.25141471]
[ 0.10059172  0.02169625  0.00197239  0.00197239  0.00197239  0.86982249
  0.00197239]
[  1.52508769e-04   1.52508769e-04   1.92313558e-01   1.48086015e-01
   1.52508769e-04   6.58990392e-01   1.52508769e-04]
[ 0.01434159  0.00130378  0.01434159  0.00130378  0.87483703  0.09256845
  0.00130378]
[ 0.29442971  0.00265252  0.00265252  0.00265252  0.00265252  0.69230769
  0.00265252]
[ 0.00239808  0.00239808  0.00239808  0.79376499  0.00239808  0.17026379
  0.0263789 ]
[ 0.09382151  0.00228833  0.00228833  0.27688787  0.00228833  0.00228833
  0.6201373 ]
[ 0.00197239  0.00197239  0.00197239  0.04142012  0.14003945  0.81065089
  0.00197239]
[ 0.00280112  0.00280112  0.00280112  0.08683473  0.00280112  0.67507003
  0.22689076]
[ 0.62340037  0.03839122  0.05667276  0.05667276  0.00182815  0.18464351
  0.03839122]
[  2.79858100e-02   1.22191565e-02   1.54119038e-01   3.94166338e-04
   7.29601892e-01   5.16357903e-02   2.40441466e-02]
[ 0.25910064  0.00214133  0.00214133  0.00214133  0.00214133  0.73019272
  0.00214133]
[ 0.00404858  0.00404858  0.00404858  0.73279352  0.00404858  0.24696356
  0.00404858]
[ 0.10990502  0.00135685  0.12347354  0.00135685  0.76119403  0.00135685
  0.00135685]
[ 0.00189753  0.00189753  0.00189753  0.07779886  0.00189753  0.91271347
  0.00189753]
[ 0.28682171  0.00258398  0.00258398  0.02842377  0.00258398  0.6744186
  0.00258398]
[ 0.25400458  0.00228833  0.11670481  0.43707094  0.00228833  0.00228833
  0.18535469]
[ 0.07882535  0.10973725  0.04791345  0.0324575   0.0324575   0.68160742
  0.01700155]
[ 0.73211568  0.04718417  0.21461187  0.00152207  0.00152207  0.00152207
  0.00152207]
[ 0.16643741  0.08390646  0.00137552  0.01513067  0.62035763  0.00137552
  0.11141678]
[ 0.00239808  0.07434053  0.00239808  0.00239808  0.5059952   0.36211031
  0.05035971]
[  2.11155378e-01   6.09561753e-01   5.69151964e-04   5.69151964e-04
   1.20091064e-01   5.74843483e-02   5.69151964e-04]
[ 0.50330251  0.21268164  0.01453104  0.001321    0.17305152  0.09379128
  0.001321  ]
[  1.30044843e-01   7.72795217e-01   5.48081714e-03   1.04633782e-02
   4.98256104e-04   3.53761834e-02   4.53413054e-02]
[ 0.0018622   0.05772812  0.15083799  0.0018622   0.0018622   0.7839851
  0.0018622 ]
[ 0.13603819  0.70883055  0.00875099  0.01670644  0.10421639  0.02466189
  0.00079554]
[ 0.70800628  0.03296703  0.06436421  0.00156986  0.00156986  0.01726845
  0.17425432]
[ 0.14922049  0.04528582  0.00074239  0.0155902   0.57238307  0.00074239
  0.21603563]
[ 0.35062007  0.30552424  0.0011274   0.0011274   0.0011274   0.0011274
  0.33934611]
[ 0.05035971  0.05035971  0.0263789   0.00239808  0.00239808  0.86570743
  0.00239808]
[ 0.00265252  0.05570292  0.00265252  0.93103448  0.00265252  0.00265252
  0.00265252]
[ 0.00296736  0.12166172  0.5074184   0.00296736  0.06231454  0.29970326
  0.00296736]
[ 0.07317073  0.56097561  0.00348432  0.00348432  0.17770035  0.17770035
  0.00348432]
[ 0.00258398  0.18346253  0.00258398  0.00258398  0.02842377  0.77777778
  0.00258398]
[ 0.00296736  0.00296736  0.06231454  0.03264095  0.65578635  0.24035608
  0.00296736]
[ 0.1537808   0.74001699  0.00084962  0.00084962  0.00084962  0.00084962
  0.10280374]
[ 0.00361011  0.36462094  0.00361011  0.14801444  0.00361011  0.47292419
  0.00361011]
[ 0.08074534  0.00088731  0.00088731  0.75510204  0.00088731  0.00088731
  0.16060337]
[ 0.04280156  0.00389105  0.00389105  0.00389105  0.00389105  0.93774319
  0.00389105]
[ 0.003367    0.003367    0.67676768  0.003367    0.1043771   0.20538721
  0.003367  ]
[ 0.00534759  0.00534759  0.00534759  0.00534759  0.11229947  0.86096257
  0.00534759]
[ 0.05998033  0.00098328  0.00098328  0.6892822   0.00098328  0.00098328
  0.24680433]
[ 0.10186514  0.00143472  0.00143472  0.00143472  0.07317073  0.81922525
  0.00143472]
[ 0.05107084  0.03459638  0.00164745  0.05107084  0.6276771   0.23228995
  0.00164745]
[ 0.3630455   0.00092851  0.01949861  0.01021356  0.58588672  0.01021356
  0.01021356]
[ 0.01513067  0.00137552  0.00137552  0.71664374  0.00137552  0.00137552
  0.26272352]
[ 0.50929368  0.00123916  0.00123916  0.10037175  0.01363073  0.00123916
  0.37298637]
[ 0.00228833  0.04805492  0.04805492  0.80320366  0.00228833  0.09382151
  0.00228833]
[ 0.00440529  0.00440529  0.00440529  0.48898678  0.00440529  0.48898678
  0.00440529]
[ 0.00374532  0.00374532  0.07865169  0.79026217  0.00374532  0.11610487
  0.00374532]
[ 0.0027248   0.0027248   0.13896458  0.0027248   0.13896458  0.71117166
  0.0027248 ]
[  6.80272109e-03   6.18429190e-04   6.18429190e-04   1.29870130e-02
   3.34570192e-01   6.31416203e-01   1.29870130e-02]
[  1.23147675e-01   5.10986203e-04   5.10986203e-04   8.69187532e-01
   5.10986203e-04   5.10986203e-04   5.62084824e-03]
[ 0.60215883  0.00077101  0.00848111  0.00077101  0.03161141  0.00077101
  0.35543562]
[ 0.23905724  0.03703704  0.27272727  0.003367    0.003367    0.003367
  0.44107744]
[ 0.00564972  0.00564972  0.40112994  0.00564972  0.11864407  0.45762712
  0.00564972]
[ 0.00421941  0.13080169  0.0464135   0.00421941  0.17299578  0.6371308
  0.00421941]
[ 0.00440529  0.00440529  0.48898678  0.00440529  0.00440529  0.48898678
  0.00440529]
[ 0.37030411  0.54919499  0.0005963   0.01252236  0.0005963   0.03637448
  0.03041145]
[ 0.00288184  0.00288184  0.20461095  0.00288184  0.78097983  0.00288184
  0.00288184]
[ 0.01649175  0.00149925  0.27136432  0.00149925  0.6161919   0.09145427
  0.00149925]
[ 0.08779443  0.00214133  0.00214133  0.00214133  0.81584582  0.00214133
  0.08779443]
[  3.08548306e-02   5.05816894e-04   5.05816894e-04   1.56803237e-02
   5.05816894e-04   9.15528579e-02   8.60394537e-01]
[  1.21326300e-01   2.33609646e-02   7.53579503e-04   7.53579503e-04
   7.53579503e-04   8.52298417e-01   7.53579503e-04]
[ 0.02917772  0.00265252  0.4005305   0.00265252  0.5596817   0.00265252
  0.00265252]
[ 0.00361011  0.00361011  0.03971119  0.00361011  0.00361011  0.94223827
  0.00361011]
[ 0.65108324  0.00114025  0.00114025  0.01254276  0.00114025  0.01254276
  0.32041049]
[ 0.00133869  0.10843373  0.10843373  0.00133869  0.40294511  0.36278447
  0.01472557]
[ 0.61670762  0.002457    0.07616708  0.002457    0.002457    0.002457
  0.2972973 ]
[ 0.01084151  0.02632938  0.08311822  0.01084151  0.76974703  0.05214249
  0.04697987]
[ 0.00361011  0.00361011  0.00361011  0.00361011  0.97833935  0.00361011
  0.00361011]
[ 0.0027248   0.02997275  0.08446866  0.0027248   0.05722071  0.82016349
  0.0027248 ]
[ 0.002457    0.88697789  0.02702703  0.002457    0.002457    0.07616708
  0.002457  ]
[ 0.05159705  0.002457    0.02702703  0.14987715  0.002457    0.002457
  0.76412776]
[ 0.01578192  0.00143472  0.03012912  0.03012912  0.07317073  0.79053085
  0.05882353]
[ 0.61374188  0.00092851  0.00092851  0.00092851  0.00092851  0.04735376
  0.33519034]
[ 0.14884696  0.00209644  0.00209644  0.73584906  0.00209644  0.0230608
  0.08595388]
[ 0.04422869  0.01186624  0.16289105  0.10895361  0.58360302  0.02265372
  0.06580367]
[  4.06353897e-03   4.10048024e-02   2.62282970e-02   3.69412634e-04
   1.92463982e-01   7.17029922e-01   1.88400443e-02]
[ 0.88968825  0.00239808  0.00239808  0.00239808  0.00239808  0.05035971
  0.05035971]
[ 0.9338843   0.00118064  0.00118064  0.00118064  0.01298701  0.00118064
  0.04840614]
[ 0.07070707  0.13804714  0.003367    0.03703704  0.003367    0.74410774
  0.003367  ]
[ 0.06114398  0.00197239  0.00197239  0.61341223  0.00197239  0.31755424
  0.00197239]
[ 0.94432548  0.00214133  0.04496788  0.00214133  0.00214133  0.00214133
  0.00214133]
[ 0.00729927  0.00729927  0.00729927  0.00729927  0.73722628  0.22627737
  0.00729927]
[ 0.00534759  0.00534759  0.00534759  0.00534759  0.64705882  0.32620321
  0.00534759]
[ 0.00288184  0.00288184  0.49279539  0.00288184  0.29106628  0.20461095
  0.00288184]
[ 0.05159705  0.02702703  0.1990172   0.69041769  0.002457    0.002457
  0.02702703]
[ 0.31761238  0.5018423   0.00073692  0.00073692  0.00073692  0.00073692
  0.17759764]
[ 0.06498952  0.00209644  0.7148847   0.00209644  0.21174004  0.00209644
  0.00209644]
[ 0.002457    0.002457    0.42014742  0.002457    0.3955774   0.07616708
  0.1007371 ]
[  5.98802395e-03   2.85143998e-04   5.02138580e-01   2.85143998e-04
   2.85143998e-04   2.85143998e-04   4.90732820e-01]
[ 0.00598802  0.00598802  0.00598802  0.1257485   0.00598802  0.00598802
  0.84431138]
[ 0.00182815  0.00182815  0.22120658  0.00182815  0.02010969  0.75137112
  0.00182815]
[ 0.85992218  0.04280156  0.00389105  0.08171206  0.00389105  0.00389105
  0.00389105]
[  1.80081065e-01   3.53213665e-02   2.37405906e-02   5.79038796e-04
   1.21598147e-02   5.79038796e-04   7.47539085e-01]
[ 0.0221328   0.16297787  0.00201207  0.62575453  0.00201207  0.18309859
  0.00201207]
[ 0.00288184  0.60806916  0.00288184  0.00288184  0.03170029  0.17579251
  0.17579251]
[ 0.00280112  0.00280112  0.00280112  0.00280112  0.05882353  0.00280112
  0.92717087]
[  5.82411182e-04   2.97029703e-02   5.82411182e-04   5.82411182e-04
   1.46185207e-01   7.86837507e-01   3.55270821e-02]
[ 0.36189402  0.02367531  0.10259301  0.02367531  0.35062007  0.01240135
  0.12514092]
[  2.32031692e-02   6.22524052e-03   8.38143746e-01   5.65930956e-04
   2.32031692e-02   1.18845501e-02   9.67741935e-02]
[ 0.0015456   0.0015456   0.187017    0.0015456   0.0015456   0.34157651
  0.46522411]
[  7.88853647e-01   1.40462166e-02   4.53103761e-04   4.53103761e-04
   4.53103761e-04   5.48255551e-02   1.40915270e-01]
[  7.14427367e-01   3.02429351e-02   4.95785821e-04   2.03272186e-02
   1.29400099e-01   5.45364403e-03   9.96529499e-02]
[ 0.00258398  0.08010336  0.02842377  0.00258398  0.00258398  0.80361757
  0.08010336]
[ 0.03971119  0.00361011  0.00361011  0.00361011  0.03971119  0.90613718
  0.00361011]
[ 0.05570292  0.00265252  0.00265252  0.00265252  0.00265252  0.93103448
  0.00265252]
