LDA有效比例(主题概率分布显著)为 0.5：其中划入主题范围的新闻数为177,总新闻数为357
[ 0.00209644  0.16981132  0.00209644  0.00209644  0.8197065   0.00209644
  0.00209644]
[ 0.05882353  0.05882353  0.05882353  0.64705882  0.05882353  0.05882353
  0.05882353]
[ 0.05882353  0.05882353  0.05882353  0.05882353  0.64705882  0.05882353
  0.05882353]
[ 0.02702703  0.02702703  0.02702703  0.83783784  0.02702703  0.02702703
  0.02702703]
[ 0.00729927  0.00729927  0.00729927  0.95620438  0.00729927  0.00729927
  0.00729927]
[ 0.01492537  0.01492537  0.01492537  0.01492537  0.01492537  0.91044776
  0.01492537]
[ 0.00636943  0.00636943  0.00636943  0.96178344  0.00636943  0.00636943
  0.00636943]
[ 0.02702703  0.02702703  0.02702703  0.83783784  0.02702703  0.02702703
  0.02702703]
[ 0.05882353  0.05882353  0.05882353  0.05882353  0.64705882  0.05882353
  0.05882353]
[ 0.05882353  0.05882353  0.05882353  0.05882353  0.64705882  0.05882353
  0.05882353]
[ 0.05882353  0.05882353  0.05882353  0.05882353  0.64705882  0.05882353
  0.05882353]
[ 0.01754386  0.01754386  0.01754386  0.89473684  0.01754386  0.01754386
  0.01754386]
[ 0.05882353  0.05882353  0.05882353  0.05882353  0.64705882  0.05882353
  0.05882353]
[ 0.03703704  0.77777778  0.03703704  0.03703704  0.03703704  0.03703704
  0.03703704]
[ 0.05882353  0.05882353  0.05882353  0.05882353  0.64705882  0.05882353
  0.05882353]
[ 0.01030928  0.01030928  0.01030928  0.93814433  0.01030928  0.01030928
  0.01030928]
[ 0.01754386  0.01754386  0.01754386  0.89473684  0.01754386  0.01754386
  0.01754386]
[ 0.05882353  0.05882353  0.05882353  0.05882353  0.64705882  0.05882353
  0.05882353]
[ 0.01754386  0.01754386  0.01754386  0.89473684  0.01754386  0.01754386
  0.01754386]
[ 0.05882353  0.05882353  0.05882353  0.05882353  0.64705882  0.05882353
  0.05882353]
[ 0.05882353  0.05882353  0.05882353  0.64705882  0.05882353  0.05882353
  0.05882353]
[ 0.01754386  0.01754386  0.01754386  0.89473684  0.01754386  0.01754386
  0.01754386]
[ 0.05882353  0.05882353  0.05882353  0.64705882  0.05882353  0.05882353
  0.05882353]
[ 0.05882353  0.05882353  0.05882353  0.64705882  0.05882353  0.05882353
  0.05882353]
[ 0.05882353  0.05882353  0.05882353  0.64705882  0.05882353  0.05882353
  0.05882353]
[ 0.05882353  0.05882353  0.05882353  0.64705882  0.05882353  0.05882353
  0.05882353]
[ 0.05882353  0.05882353  0.05882353  0.64705882  0.05882353  0.05882353
  0.05882353]
[ 0.0212766   0.0212766   0.0212766   0.87234043  0.0212766   0.0212766
  0.0212766 ]
[ 0.02702703  0.02702703  0.02702703  0.83783784  0.02702703  0.02702703
  0.02702703]
[ 0.00854701  0.00854701  0.00854701  0.94871795  0.00854701  0.00854701
  0.00854701]
[ 0.05882353  0.05882353  0.05882353  0.64705882  0.05882353  0.05882353
  0.05882353]
[ 0.02702703  0.02702703  0.02702703  0.83783784  0.02702703  0.02702703
  0.02702703]
[ 0.05882353  0.05882353  0.05882353  0.05882353  0.05882353  0.64705882
  0.05882353]
[ 0.01492537  0.01492537  0.01492537  0.91044776  0.01492537  0.01492537
  0.01492537]
[ 0.05882353  0.05882353  0.05882353  0.64705882  0.05882353  0.05882353
  0.05882353]
[ 0.05882353  0.05882353  0.05882353  0.64705882  0.05882353  0.05882353
  0.05882353]
[ 0.01492537  0.01492537  0.01492537  0.91044776  0.01492537  0.01492537
  0.01492537]
[ 0.0212766   0.0212766   0.0212766   0.87234043  0.0212766   0.0212766
  0.0212766 ]
[ 0.05882353  0.05882353  0.05882353  0.64705882  0.05882353  0.05882353
  0.05882353]
[ 0.00854701  0.00854701  0.00854701  0.94871795  0.00854701  0.00854701
  0.00854701]
[ 0.01030928  0.01030928  0.01030928  0.93814433  0.01030928  0.01030928
  0.01030928]
[ 0.12881023  0.01081613  0.00098328  0.08947886  0.17797443  0.58112094
  0.01081613]
[ 0.55043228  0.00288184  0.03170029  0.00288184  0.08933718  0.29106628
  0.03170029]
[ 0.00280112  0.05882353  0.03081232  0.00280112  0.89915966  0.00280112
  0.00280112]
[ 0.00103413  0.3319545   0.01137539  0.00103413  0.58014478  0.05274043
  0.02171665]
[ 0.00389105  0.00389105  0.12062257  0.00389105  0.78210117  0.08171206
  0.00389105]
[ 0.40634006  0.17579251  0.34870317  0.06051873  0.00288184  0.00288184
  0.00288184]
[ 0.001321    0.21268164  0.12021136  0.63540291  0.02774108  0.001321
  0.001321  ]
[ 0.11359404  0.0018622   0.15083799  0.0018622   0.65363128  0.07635009
  0.0018622 ]
[ 0.16535433  0.00787402  0.00787402  0.48031496  0.32283465  0.00787402
  0.00787402]
[ 0.07482993  0.00680272  0.00680272  0.34693878  0.27891156  0.00680272
  0.27891156]
[ 0.54863813  0.19844358  0.00389105  0.04280156  0.00389105  0.00389105
  0.19844358]
[ 0.53943218  0.22397476  0.06624606  0.03470032  0.00315457  0.00315457
  0.12933754]
[  5.16262261e-04   1.60557563e-01   5.16262261e-04   5.16262261e-04
   5.16262261e-04   8.21373258e-01   1.60041301e-02]
[ 0.00209644  0.0230608   0.08595388  0.10691824  0.00209644  0.00209644
  0.77777778]
[ 0.01940035  0.8659612   0.00176367  0.10758377  0.00176367  0.00176367
  0.00176367]
[ 0.00179533  0.8994614   0.00179533  0.09156194  0.00179533  0.00179533
  0.00179533]
[ 0.00251889  0.00251889  0.02770781  0.25440806  0.00251889  0.6070529
  0.10327456]
[ 0.00120919  0.35187424  0.00120919  0.00120919  0.58162031  0.06166868
  0.00120919]
[ 0.05882353  0.05882353  0.05882353  0.05882353  0.64705882  0.05882353
  0.05882353]
[ 0.05882353  0.05882353  0.05882353  0.05882353  0.64705882  0.05882353
  0.05882353]
[ 0.05882353  0.05882353  0.05882353  0.05882353  0.64705882  0.05882353
  0.05882353]
[ 0.05882353  0.05882353  0.05882353  0.05882353  0.64705882  0.05882353
  0.05882353]
[ 0.05882353  0.05882353  0.05882353  0.05882353  0.64705882  0.05882353
  0.05882353]
[ 0.05882353  0.05882353  0.05882353  0.05882353  0.64705882  0.05882353
  0.05882353]
[ 0.02702703  0.02702703  0.83783784  0.02702703  0.02702703  0.02702703
  0.02702703]
[ 0.19016083  0.00094607  0.00094607  0.00094607  0.00094607  0.59697256
  0.20908231]
[ 0.05882353  0.05882353  0.05882353  0.05882353  0.64705882  0.05882353
  0.05882353]
[  8.01924619e-04   9.95188452e-01   8.01924619e-04   8.01924619e-04
   8.01924619e-04   8.01924619e-04   8.01924619e-04]
[ 0.05882353  0.05882353  0.05882353  0.05882353  0.64705882  0.05882353
  0.05882353]
[  5.21648409e-04   8.92540428e-01   2.13875848e-02   2.66040689e-02
   5.21648409e-04   5.79029734e-02   5.21648409e-04]
[ 0.0263789   0.9616307   0.00239808  0.00239808  0.00239808  0.00239808
  0.00239808]
[ 0.02634881  0.32747804  0.00125471  0.00125471  0.00125471  0.00125471
  0.64115433]
[  9.03342367e-04   9.13279133e-01   9.03342367e-04   9.03342367e-04
   9.03342367e-04   9.03342367e-04   8.22041554e-02]
[ 0.10261569  0.00201207  0.00201207  0.22334004  0.00201207  0.00201207
  0.66599598]
[ 0.00118064  0.89846517  0.01298701  0.00118064  0.07201889  0.01298701
  0.00118064]
[ 0.05882353  0.05882353  0.05882353  0.05882353  0.64705882  0.05882353
  0.05882353]
[ 0.02517162  0.96338673  0.00228833  0.00228833  0.00228833  0.00228833
  0.00228833]
[ 0.78162912  0.0017331   0.0017331   0.20970537  0.0017331   0.0017331
  0.0017331 ]
[  7.95544948e-04   9.95226730e-01   7.95544948e-04   7.95544948e-04
   7.95544948e-04   7.95544948e-04   7.95544948e-04]
[ 0.36211031  0.00239808  0.00239808  0.62589928  0.00239808  0.00239808
  0.00239808]
[ 0.00209644  0.0230608   0.00209644  0.44234801  0.00209644  0.52620545
  0.00209644]
[ 0.05289673  0.02770781  0.00251889  0.00251889  0.9093199   0.00251889
  0.00251889]
[ 0.00097371  0.89678676  0.030185    0.01071081  0.00097371  0.030185
  0.030185  ]
[  8.87311446e-04   1.86335404e-02   1.86335404e-02   8.87311446e-04
   8.87311446e-04   8.87311446e-04   9.59183673e-01]
[ 0.14993804  0.05080545  0.16232962  0.00123916  0.01363073  0.00123916
  0.62081784]
[ 0.0030581   0.73700306  0.0030581   0.0030581   0.09480122  0.1559633
  0.0030581 ]
[ 0.00096432  0.05882353  0.00096432  0.00096432  0.00096432  0.00096432
  0.93635487]
[ 0.00152207  0.18417047  0.00152207  0.00152207  0.06240487  0.00152207
  0.74733638]
[ 0.00073153  0.63716167  0.30065838  0.00073153  0.00073153  0.00073153
  0.05925384]
[ 0.02702703  0.05159705  0.002457    0.02702703  0.88697789  0.002457
  0.002457  ]
[ 0.08502024  0.53036437  0.00404858  0.00404858  0.00404858  0.36842105
  0.00404858]
[  3.08967596e-02   7.61115298e-02   7.53579503e-04   1.58251696e-02
   7.53579503e-04   7.53579503e-04   8.74905803e-01]
[ 0.0027248   0.16621253  0.27520436  0.0027248   0.02997275  0.0027248
  0.52043597]
[  7.95544948e-04   8.75099443e-03   7.95544948e-04   7.95544948e-04
   7.95544948e-04   7.95544948e-04   9.87271281e-01]
[ 0.00118064  0.9338843   0.06021251  0.00118064  0.00118064  0.00118064
  0.00118064]
[ 0.00100301  0.02106319  0.0110331   0.00100301  0.00100301  0.00100301
  0.96389168]
[  5.62746201e-04   7.82779966e-01   5.62746201e-04   5.62746201e-04
   5.62746201e-04   2.14406303e-01   5.62746201e-04]
[ 0.00176367  0.14285714  0.00176367  0.00176367  0.84832451  0.00176367
  0.00176367]
[ 0.19535783  0.00193424  0.00193424  0.17601547  0.00193424  0.62088975
  0.00193424]
[ 0.00125471  0.08908407  0.42785445  0.00125471  0.44040151  0.03889586
  0.00125471]
[ 0.00182815  0.00182815  0.00182815  0.76965265  0.00182815  0.00182815
  0.22120658]
[ 0.00164745  0.97364086  0.01812191  0.00164745  0.00164745  0.00164745
  0.00164745]
[ 0.4368231   0.00361011  0.00361011  0.22021661  0.00361011  0.00361011
  0.32851986]
[ 0.00258398  0.05426357  0.00258398  0.88113695  0.02842377  0.02842377
  0.00258398]
[ 0.00234192  0.63466042  0.28337237  0.00234192  0.00234192  0.04918033
  0.02576112]
[  4.59732638e-02   3.26051516e-04   9.36093903e-01   3.26051516e-04
   3.26051516e-04   1.33681122e-02   3.58656668e-03]
[  2.88143599e-02   9.07416155e-01   5.19603212e-03   4.72366556e-04
   1.93670288e-02   3.82616911e-02   4.72366556e-04]
[ 0.89317507  0.00296736  0.00296736  0.09198813  0.00296736  0.00296736
  0.00296736]
[ 0.00483092  0.00483092  0.00483092  0.92270531  0.00483092  0.00483092
  0.0531401 ]
[ 0.75193798  0.05426357  0.00258398  0.18346253  0.00258398  0.00258398
  0.00258398]
[ 0.00251889  0.00251889  0.02770781  0.30478589  0.53148615  0.07808564
  0.05289673]
[ 0.09832134  0.00239808  0.00239808  0.6498801   0.14628297  0.09832134
  0.00239808]
[ 0.78434269  0.0014771   0.0014771   0.0014771   0.20827179  0.0014771
  0.0014771 ]
[ 0.00098328  0.3352999   0.00098328  0.00098328  0.64995084  0.00098328
  0.01081613]
[ 0.00288184  0.00288184  0.00288184  0.83861671  0.00288184  0.08933718
  0.06051873]
[ 0.08933718  0.00288184  0.00288184  0.29106628  0.00288184  0.60806916
  0.00288184]
[ 0.62942779  0.11171662  0.22070845  0.0027248   0.0027248   0.02997275
  0.0027248 ]
[ 0.00201207  0.00201207  0.00201207  0.90744467  0.00201207  0.06237425
  0.0221328 ]
[  5.32765051e-04   8.26318594e-01   1.49706979e-01   5.32765051e-04
   5.32765051e-04   5.32765051e-04   2.18433671e-02]
[ 0.00197239  0.00197239  0.04142012  0.85009862  0.00197239  0.10059172
  0.00197239]
[ 0.03470032  0.00315457  0.00315457  0.0977918   0.82334385  0.00315457
  0.03470032]
[ 0.00205339  0.00205339  0.00205339  0.98767967  0.00205339  0.00205339
  0.00205339]
[ 0.86350148  0.00296736  0.00296736  0.12166172  0.00296736  0.00296736
  0.00296736]
[ 0.08933718  0.00288184  0.00288184  0.63688761  0.08933718  0.17579251
  0.00288184]
[ 0.00315457  0.22397476  0.03470032  0.47634069  0.00315457  0.00315457
  0.2555205 ]
[ 0.75743707  0.00228833  0.07093822  0.04805492  0.00228833  0.02517162
  0.09382151]
[ 0.00223714  0.00223714  0.00223714  0.00223714  0.04697987  0.00223714
  0.94183445]
[  7.15819613e-04   7.15819613e-04   8.38224767e-01   9.37723694e-02
   2.93486042e-02   7.15819613e-04   3.65068003e-02]
[ 0.03703704  0.26287263  0.40740741  0.00090334  0.2899729   0.00090334
  0.00090334]
[ 0.01095462  0.00573813  0.04225352  0.00573813  0.0161711   0.03703704
  0.88210746]
[ 0.0917226   0.00223714  0.4049217   0.24832215  0.00223714  0.24832215
  0.00223714]
[ 0.00123916  0.00123916  0.05080545  0.00123916  0.00123916  0.81908302
  0.12515489]
[ 0.00063816  0.32610083  0.0134014   0.00063816  0.05169113  0.60051053
  0.00701978]
[ 0.00089526  0.74395703  0.09042077  0.05461056  0.10832587  0.00089526
  0.00089526]
[ 0.0027248   0.19346049  0.13896458  0.0027248   0.65667575  0.0027248
  0.0027248 ]
[  9.03342367e-04   6.41373080e-02   9.13279133e-01   9.93676603e-03
   9.03342367e-04   9.03342367e-04   9.93676603e-03]
[ 0.18535469  0.00228833  0.23112128  0.11670481  0.02517162  0.00228833
  0.43707094]
[ 0.72113943  0.10644678  0.06146927  0.01649175  0.00149925  0.00149925
  0.09145427]
[ 0.34693878  0.00156986  0.00156986  0.11145997  0.53532182  0.00156986
  0.00156986]
[ 0.41602067  0.00258398  0.00258398  0.33850129  0.00258398  0.00258398
  0.23514212]
[ 0.13804714  0.003367    0.003367    0.44107744  0.003367    0.003367
  0.40740741]
[  3.66340225e-02   1.84983678e-02   3.62713094e-04   9.10772579e-01
   3.62713094e-04   2.21254987e-02   1.12441059e-02]
[ 0.00193424  0.00193424  0.00193424  0.89168279  0.00193424  0.0212766
  0.07930368]
[ 0.00265252  0.00265252  0.00265252  0.74535809  0.00265252  0.24137931
  0.00265252]
[ 0.00374532  0.0411985   0.00374532  0.00374532  0.75280899  0.11610487
  0.07865169]
[ 0.00182815  0.00182815  0.00182815  0.47714808  0.00182815  0.00182815
  0.51371115]
[ 0.00201207  0.00201207  0.0221328   0.96780684  0.00201207  0.00201207
  0.00201207]
[ 0.38609113  0.00239808  0.00239808  0.52997602  0.00239808  0.07434053
  0.00239808]
[  2.83344851e-02   1.45127851e-02   6.91085003e-04   4.90670352e-02
   6.91085003e-04   6.91085003e-04   9.06012440e-01]
[ 0.2246696   0.00440529  0.00440529  0.18061674  0.09251101  0.00440529
  0.48898678]
[ 0.12525667  0.08418891  0.00205339  0.00205339  0.00205339  0.00205339
  0.78234086]
[ 0.04774714  0.00067249  0.40416947  0.00067249  0.00067249  0.54539341
  0.00067249]
[ 0.00440529  0.09251101  0.00440529  0.40088106  0.31277533  0.00440529
  0.18061674]
[ 0.00097371  0.31256086  0.00097371  0.00097371  0.6533593   0.00097371
  0.030185  ]
[  4.71753058e-02   5.82411182e-04   8.97495632e-01   5.29994176e-02
   5.82411182e-04   5.82411182e-04   5.82411182e-04]
[ 0.83985102  0.0018622   0.0018622   0.13221601  0.02048417  0.0018622
  0.0018622 ]
[ 0.002457    0.002457    0.002457    0.81326781  0.002457    0.17444717
  0.002457  ]
[ 0.65743073  0.02770781  0.00251889  0.25440806  0.00251889  0.05289673
  0.00251889]
[ 0.36211031  0.00239808  0.00239808  0.1942446   0.00239808  0.00239808
  0.43405276]
[ 0.10334789  0.0014556   0.0014556   0.75836972  0.0014556   0.13245997
  0.0014556 ]
[ 0.56756757  0.002457    0.002457    0.27272727  0.07616708  0.002457
  0.07616708]
[ 0.62312634  0.0235546   0.00214133  0.32334047  0.0235546   0.00214133
  0.00214133]
[ 0.50972763  0.00389105  0.00389105  0.43190661  0.00389105  0.00389105
  0.04280156]
[ 0.74827925  0.01081613  0.00098328  0.17797443  0.00098328  0.01081613
  0.05014749]
[ 0.00141443  0.00141443  0.0155587   0.00141443  0.00141443  0.15700141
  0.82178218]
[  1.46137787e-02   4.94084899e-02   8.84481559e-01   4.94084899e-02
   6.95894224e-04   6.95894224e-04   6.95894224e-04]
[ 0.0153417   0.25244073  0.72663877  0.0013947   0.0013947   0.0013947
  0.0013947 ]
[ 0.05583756  0.00507614  0.00507614  0.81725888  0.00507614  0.00507614
  0.10659898]
[ 0.00223714  0.00223714  0.00223714  0.85234899  0.00223714  0.13646532
  0.00223714]
[  8.35421888e-04   8.35421888e-04   9.78279031e-01   1.75438596e-02
   8.35421888e-04   8.35421888e-04   8.35421888e-04]
[ 0.3151751   0.00389105  0.00389105  0.00389105  0.58754864  0.00389105
  0.08171206]
[ 0.00598802  0.00598802  0.00598802  0.78443114  0.00598802  0.00598802
  0.18562874]
[ 0.00258398  0.00258398  0.00258398  0.85529716  0.00258398  0.08010336
  0.05426357]
[ 0.50841751  0.17171717  0.1043771   0.003367    0.17171717  0.003367
  0.03703704]
[ 0.05069124  0.09677419  0.00460829  0.05069124  0.05069124  0.00460829
  0.74193548]
[ 0.00228833  0.00228833  0.00228833  0.75743707  0.00228833  0.1395881
  0.09382151]
[ 0.0027248   0.0027248   0.0027248   0.22070845  0.0027248   0.46594005
  0.30245232]
[ 0.28682171  0.00258398  0.6744186   0.00258398  0.00258398  0.00258398
  0.02842377]
[ 0.00288184  0.03170029  0.00288184  0.03170029  0.00288184  0.06051873
  0.86743516]
[ 0.0212766   0.0212766   0.0212766   0.05996132  0.05996132  0.00193424
  0.81431335]
[ 0.00189753  0.89373814  0.02087287  0.00189753  0.0398482   0.00189753
  0.0398482 ]
[ 0.83972125  0.00348432  0.00348432  0.00348432  0.03832753  0.10801394
  0.00348432]
[ 0.97636632  0.0014771   0.0014771   0.01624815  0.0014771   0.0014771
  0.0014771 ]
[ 0.90174002  0.06243603  0.03172979  0.00102354  0.00102354  0.00102354
  0.00102354]
[  8.06977798e-01   4.53103761e-04   9.51517898e-03   1.18260082e-01
   3.67014046e-02   2.76393294e-02   4.53103761e-04]
[ 0.32566012  0.19025051  0.44075829  0.00067705  0.04129993  0.00067705
  0.00067705]
[ 0.00164745  0.33113674  0.00164745  0.00164745  0.66062603  0.00164745
  0.00164745]
[ 0.00483092  0.68115942  0.00483092  0.00483092  0.14975845  0.14975845
  0.00483092]
[  6.77048070e-04   7.44752877e-03   6.77048070e-04   8.06364252e-01
   7.44752877e-03   1.49627624e-01   2.77589709e-02]
[ 0.00361011  0.00361011  0.03971119  0.00361011  0.79783394  0.14801444
  0.00361011]
[ 0.43095697  0.34104046  0.22543353  0.00064226  0.00064226  0.00064226
  0.00064226]
[ 0.79840849  0.00265252  0.16180371  0.00265252  0.00265252  0.00265252
  0.02917772]
[ 0.28119181  0.0018622   0.0018622   0.67225326  0.0018622   0.0018622
  0.03910615]
[ 0.00135685  0.23202171  0.00135685  0.00135685  0.04206242  0.72048847
  0.00135685]
[ 0.0212766   0.0212766   0.00193424  0.07930368  0.31141199  0.00193424
  0.56286267]
[ 0.0310192   0.11964549  0.0014771   0.14918759  0.51846381  0.01624815
  0.16395864]
[ 0.00218818  0.00218818  0.00218818  0.48358862  0.00218818  0.50547046
  0.00218818]
[ 0.00133869  0.00133869  0.00133869  0.88487282  0.00133869  0.06827309
  0.04149933]
[ 0.64525994  0.0030581   0.0030581   0.33944954  0.0030581   0.0030581
  0.0030581 ]
[ 0.50759878  0.15298886  0.29483283  0.00101317  0.0212766   0.00101317
  0.0212766 ]
[ 0.24867725  0.00176367  0.01940035  0.14285714  0.00176367  0.05467372
  0.5308642 ]
[ 0.09145427  0.10644678  0.00149925  0.73613193  0.01649175  0.04647676
  0.00149925]
[ 0.24637681  0.00483092  0.00483092  0.34299517  0.10144928  0.29468599
  0.00483092]
[  5.00751127e-04   5.00751127e-04   5.00751127e-04   2.55383075e-02
   5.00751127e-04   5.50826239e-03   9.66950426e-01]
[ 0.0018622   0.05772812  0.93296089  0.0018622   0.0018622   0.0018622
  0.0018622 ]
[ 0.20461095  0.00288184  0.00288184  0.00288184  0.00288184  0.00288184
  0.78097983]
[ 0.07006369  0.00636943  0.00636943  0.00636943  0.00636943  0.00636943
  0.89808917]
[ 0.18061674  0.00440529  0.00440529  0.09251101  0.00440529  0.00440529
  0.7092511 ]
[ 0.77777778  0.00258398  0.20930233  0.00258398  0.00258398  0.00258398
  0.00258398]
[ 0.40041929  0.00209644  0.00209644  0.08595388  0.00209644  0.00209644
  0.50524109]
[ 0.00182815  0.29433272  0.00182815  0.00182815  0.00182815  0.69652651
  0.00182815]
[ 0.00170358  0.39352641  0.08688245  0.00170358  0.46166951  0.0528109
  0.00170358]
[ 0.25995316  0.00234192  0.00234192  0.33021077  0.00234192  0.40046838
  0.00234192]
[ 0.07930368  0.00193424  0.00193424  0.05996132  0.0212766   0.00193424
  0.83365571]
[ 0.00179533  0.00179533  0.16337522  0.73788151  0.01974865  0.07360862
  0.00179533]
[  5.29941706e-04   9.54425013e-01   5.29941706e-04   5.29941706e-04
   5.29941706e-04   4.29252782e-02   5.29941706e-04]
[ 0.00421941  0.00421941  0.00421941  0.55274262  0.00421941  0.17299578
  0.25738397]
[ 0.18685832  0.00205339  0.00205339  0.53593429  0.02258727  0.00205339
  0.24845996]
[ 0.24815725  0.002457    0.002457    0.42014742  0.002457    0.2972973
  0.02702703]
[ 0.0411985   0.00374532  0.00374532  0.56554307  0.00374532  0.00374532
  0.37827715]
[ 0.00170358  0.00170358  0.0528109   0.30834753  0.00170358  0.63202726
  0.00170358]
[ 0.00223714  0.04697987  0.00223714  0.71812081  0.00223714  0.00223714
  0.22595078]
[ 0.79840849  0.00265252  0.13527851  0.05570292  0.00265252  0.00265252
  0.00265252]
[ 0.88113695  0.00258398  0.00258398  0.02842377  0.00258398  0.08010336
  0.00258398]
[  3.82337103e-02   9.20840065e-02   6.51588584e-02   7.70597738e-01
   5.38502962e-04   5.92353258e-03   2.74636511e-02]
[ 0.35191638  0.00348432  0.00348432  0.56097561  0.07317073  0.00348432
  0.00348432]
[ 0.003367    0.003367    0.003367    0.44107744  0.03703704  0.13804714
  0.37373737]
[ 0.00111483  0.05685619  0.00111483  0.00111483  0.00111483  0.0122631
  0.9264214 ]
[ 0.00361011  0.00361011  0.00361011  0.79783394  0.00361011  0.00361011
  0.18411552]
[ 0.00440529  0.00440529  0.00440529  0.13656388  0.00440529  0.00440529
  0.84140969]
[ 0.00201207  0.00201207  0.00201207  0.00201207  0.04225352  0.94768612
  0.00201207]
[ 0.00088731  0.27595386  0.60425909  0.04525288  0.06299911  0.00088731
  0.00976043]
[ 0.71073647  0.09849157  0.18722272  0.00088731  0.00088731  0.00088731
  0.00088731]
[ 0.00228833  0.00228833  0.00228833  0.00228833  0.00228833  0.00228833
  0.98627002]
[ 0.00280112  0.00280112  0.00280112  0.00280112  0.36694678  0.00280112
  0.61904762]
[ 0.00315457  0.06624606  0.00315457  0.00315457  0.00315457  0.16088328
  0.76025237]
[ 0.002457    0.002457    0.002457    0.66584767  0.07616708  0.24815725
  0.002457  ]
[ 0.00209644  0.00209644  0.00209644  0.67295597  0.00209644  0.00209644
  0.31656184]
[ 0.13347921  0.00218818  0.00218818  0.72428884  0.02407002  0.00218818
  0.11159737]
[ 0.0030581   0.03363914  0.0030581   0.88990826  0.0030581   0.0030581
  0.06422018]
[ 0.0018622   0.0018622   0.03910615  0.95158287  0.0018622   0.0018622
  0.0018622 ]
[ 0.16621253  0.0027248   0.0027248   0.82016349  0.0027248   0.0027248
  0.0027248 ]
[ 0.36694678  0.00280112  0.00280112  0.31092437  0.00280112  0.31092437
  0.00280112]
[ 0.05501618  0.33549083  0.00107875  0.00107875  0.00107875  0.60517799
  0.00107875]
[ 0.00162075  0.11507293  0.87682334  0.00162075  0.00162075  0.00162075
  0.00162075]
[ 0.0018622   0.72811918  0.0018622   0.0018622   0.0018622   0.26256983
  0.0018622 ]
[ 0.00201207  0.00201207  0.18309859  0.14285714  0.10261569  0.00201207
  0.56539235]
[ 0.00122399  0.00122399  0.14810282  0.31946144  0.11138311  0.00122399
  0.41738066]
[ 0.63945028  0.20291027  0.15440582  0.00080841  0.00080841  0.00080841
  0.00080841]
[ 0.00201207  0.00201207  0.00201207  0.78672032  0.0221328   0.16297787
  0.0221328 ]
[  2.00924252e-04   2.00924252e-04   2.00924252e-04   8.90295359e-01
   2.00924252e-04   2.00924252e-04   1.08700020e-01]
[ 0.00141443  0.00141443  0.05799151  0.07213579  0.00141443  0.00141443
  0.86421499]
[ 0.00265252  0.05570292  0.10875332  0.10875332  0.71883289  0.00265252
  0.00265252]
[ 0.00205339  0.00205339  0.00205339  0.49486653  0.00205339  0.10472279
  0.39219713]
[ 0.00201207  0.90744467  0.08249497  0.00201207  0.00201207  0.00201207
  0.00201207]
[ 0.68959436  0.03703704  0.05467372  0.1957672   0.00176367  0.00176367
  0.01940035]
[ 0.00265252  0.37400531  0.00265252  0.26790451  0.00265252  0.32095491
  0.02917772]
[ 0.08779443  0.00214133  0.53747323  0.00214133  0.36616702  0.00214133
  0.00214133]
[  4.43066017e-04   5.36109880e-02   4.87372619e-03   2.70270270e-02
   1.37350465e-02   9.30438635e-03   8.91005760e-01]
[ 0.002457    0.002457    0.12530713  0.1990172   0.66584767  0.002457
  0.002457  ]
[ 0.003367    0.003367    0.003367    0.34006734  0.003367    0.03703704
  0.60942761]
[ 0.0014771   0.0014771   0.01624815  0.11964549  0.0014771   0.07533235
  0.78434269]
[ 0.18309859  0.08249497  0.00201207  0.66599598  0.00201207  0.00201207
  0.06237425]
[ 0.00223714  0.06935123  0.00223714  0.00223714  0.71812081  0.00223714
  0.20357942]
[ 0.15133531  0.06231454  0.03264095  0.00296736  0.00296736  0.59643917
  0.15133531]
[ 0.25968436  0.00143472  0.00143472  0.71879484  0.00143472  0.00143472
  0.01578192]
[ 0.24505327  0.10806697  0.38203957  0.01674277  0.22983257  0.01674277
  0.00152207]
[ 0.05639615  0.02888583  0.1389271   0.00137552  0.38651994  0.00137552
  0.38651994]
[ 0.03264095  0.00296736  0.00296736  0.41839763  0.00296736  0.00296736
  0.53709199]
[  5.16911295e-02   6.38162093e-04   1.72941927e-01   7.01978302e-03
   3.89278877e-02   7.28142948e-01   6.38162093e-04]
[ 0.12143928  0.00149925  0.03148426  0.2113943   0.48125937  0.15142429
  0.00149925]
[  8.31307730e-02   1.50704910e-02   5.54691298e-01   4.91006320e-02
   2.53281478e-01   4.42391833e-02   4.86144871e-04]
[ 0.00218818  0.00218818  0.00218818  0.81181619  0.02407002  0.02407002
  0.13347921]
[  3.36894002e-02   8.21692687e-04   7.47740345e-02   9.03861956e-03
   8.21692687e-04   8.80032868e-01   8.21692687e-04]
[ 0.00176367  0.16049383  0.00176367  0.00176367  0.54850088  0.28395062
  0.00176367]
[ 0.02353834  0.11465452  0.0007593   0.0007593   0.60060744  0.25892179
  0.0007593 ]
[ 0.15455476  0.00102354  0.06243603  0.03172979  0.61514841  0.13408393
  0.00102354]
[ 0.00201207  0.00201207  0.00201207  0.38430584  0.00201207  0.6056338
  0.00201207]
[ 0.00209644  0.00209644  0.0230608   0.40041929  0.00209644  0.00209644
  0.56813417]
[ 0.16088328  0.00315457  0.06624606  0.22397476  0.00315457  0.12933754
  0.41324921]
[ 0.23342939  0.00288184  0.37752161  0.23342939  0.00288184  0.00288184
  0.14697406]
[ 0.00239808  0.00239808  0.00239808  0.48201439  0.00239808  0.45803357
  0.05035971]
[ 0.41573034  0.00374532  0.00374532  0.34082397  0.00374532  0.00374532
  0.22846442]
[ 0.00090334  0.17253839  0.76874435  0.00090334  0.00090334  0.05510388
  0.00090334]
[ 0.45318352  0.00374532  0.00374532  0.00374532  0.00374532  0.00374532
  0.52808989]
[ 0.67841012  0.10930443  0.20867209  0.00090334  0.00090334  0.00090334
  0.00090334]
[ 0.00460829  0.00460829  0.00460829  0.46543779  0.00460829  0.51152074
  0.00460829]
[ 0.0030581   0.0030581   0.0030581   0.4617737   0.0030581   0.0030581
  0.52293578]
[ 0.00440529  0.00440529  0.00440529  0.97356828  0.00440529  0.00440529
  0.00440529]
[ 0.05882353  0.29990357  0.63741562  0.00096432  0.00096432  0.00096432
  0.00096432]
[ 0.86707883  0.0015456   0.0015456   0.0942813   0.0015456   0.0015456
  0.0324575 ]
[ 0.1561051   0.0015456   0.20247295  0.07882535  0.01700155  0.0015456
  0.54250386]
[ 0.13091922  0.01021356  0.11234912  0.00092851  0.72516249  0.01949861
  0.00092851]
[ 0.0014771   0.34121123  0.65140325  0.0014771   0.0014771   0.0014771
  0.0014771 ]
[ 0.00122399  0.55201958  0.36842105  0.02570379  0.00122399  0.0501836
  0.00122399]
[ 0.02258727  0.00205339  0.00205339  0.35112936  0.00205339  0.00205339
  0.61806982]
[ 0.00507614  0.00507614  0.00507614  0.96954315  0.00507614  0.00507614
  0.00507614]
[ 0.00315457  0.00315457  0.00315457  0.44479495  0.00315457  0.00315457
  0.53943218]
[ 0.00280112  0.00280112  0.00280112  0.33893557  0.00280112  0.53501401
  0.11484594]
[ 0.06571243  0.00065062  0.00065062  0.47560182  0.0071568   0.00065062
  0.4495771 ]
[  4.93339911e-04   6.46275284e-02   9.32905772e-01   4.93339911e-04
   4.93339911e-04   4.93339911e-04   4.93339911e-04]
[  8.21692687e-04   5.01232539e-02   5.01232539e-02   3.36894002e-02
   8.63599014e-01   8.21692687e-04   8.21692687e-04]
[ 0.02917772  0.08222812  0.18832891  0.00265252  0.00265252  0.00265252
  0.69230769]
[ 0.00680272  0.07482993  0.00680272  0.68707483  0.00680272  0.00680272
  0.21088435]
[ 0.10144928  0.00483092  0.0531401   0.7294686   0.00483092  0.0531401
  0.0531401 ]
[ 0.00265252  0.00265252  0.00265252  0.93103448  0.00265252  0.02917772
  0.02917772]
[  6.22277536e-04   1.92906036e-02   6.54013690e-01   3.79589297e-02
   8.77411325e-02   1.99751089e-01   6.22277536e-04]
[ 0.0027248   0.0027248   0.0027248   0.0027248   0.05722071  0.02997275
  0.90190736]
[ 0.00152207  0.00152207  0.01674277  0.04718417  0.10806697  0.12328767
  0.70167428]
[ 0.00205339  0.02258727  0.02258727  0.18685832  0.26899384  0.04312115
  0.45379877]
[ 0.06755754  0.26057906  0.00074239  0.03786192  0.6095026   0.00074239
  0.02301411]
[ 0.09329221  0.00077101  0.00077101  0.23207402  0.00077101  0.65612953
  0.01619121]
[ 0.00239808  0.00239808  0.0263789   0.0263789   0.0263789   0.00239808
  0.91366906]
[ 0.35191638  0.00348432  0.03832753  0.24738676  0.35191638  0.00348432
  0.00348432]
[ 0.00123916  0.0260223   0.00123916  0.01363073  0.95539033  0.00123916
  0.00123916]
[ 0.64617691  0.00149925  0.00149925  0.04647676  0.15142429  0.07646177
  0.07646177]
[ 0.00234192  0.00234192  0.00234192  0.02576112  0.96252927  0.00234192
  0.00234192]
[  6.10873549e-04   8.00244349e-02   1.28283445e-02   3.72632865e-02
   6.10873549e-04   6.10873549e-04   8.68051313e-01]
[ 0.09480122  0.0030581   0.0030581   0.0030581   0.03363914  0.0030581
  0.85932722]
[ 0.37400531  0.00265252  0.00265252  0.18832891  0.37400531  0.00265252
  0.05570292]
[ 0.83783784  0.002457    0.05159705  0.1007371   0.002457    0.002457
  0.002457  ]
[ 0.00228833  0.96338673  0.00228833  0.00228833  0.00228833  0.02517162
  0.00228833]
[ 0.13643178  0.01649175  0.06146927  0.6161919   0.00149925  0.04647676
  0.12143928]
[ 0.00096432  0.36740598  0.00096432  0.00096432  0.62777242  0.00096432
  0.00096432]
[ 0.00193424  0.13733075  0.83365571  0.00193424  0.0212766   0.00193424
  0.00193424]
[ 0.04840614  0.22550177  0.00118064  0.00118064  0.01298701  0.00118064
  0.70956316]
[  1.73818812e-01   4.33463372e-04   4.33463372e-04   5.46597313e-01
   4.33463372e-04   1.34373645e-02   2.64846121e-01]
[ 0.00214133  0.08779443  0.00214133  0.00214133  0.90149893  0.00214133
  0.00214133]
[ 0.00107875  0.00107875  0.04422869  0.00107875  0.95037756  0.00107875
  0.00107875]
[ 0.5331565   0.00265252  0.00265252  0.4535809   0.00265252  0.00265252
  0.00265252]
[ 0.0018622   0.02048417  0.07635009  0.41154562  0.0018622   0.0018622
  0.48603352]
[ 0.00193424  0.00193424  0.98839458  0.00193424  0.00193424  0.00193424
  0.00193424]
[ 0.00598802  0.1257485   0.00598802  0.00598802  0.00598802  0.00598802
  0.84431138]
[ 0.00460829  0.00460829  0.00460829  0.09677419  0.09677419  0.05069124
  0.74193548]
[ 0.00325733  0.00325733  0.00325733  0.52442997  0.03583062  0.00325733
  0.4267101 ]
[ 0.00209644  0.00209644  0.00209644  0.31656184  0.04402516  0.00209644
  0.63102725]
[ 0.5592961   0.11553175  0.3144606   0.00076511  0.00841622  0.00076511
  0.00076511]
[ 0.00214133  0.00214133  0.00214133  0.00214133  0.55888651  0.43040685
  0.00214133]
[ 0.02258727  0.10472279  0.06365503  0.12525667  0.06365503  0.26899384
  0.35112936]
[  3.31455088e-04   3.05270136e-01   3.31455088e-04   3.31455088e-04
   3.31455088e-04   6.76499834e-01   1.69042095e-02]
[ 0.00507614  0.96954315  0.00507614  0.00507614  0.00507614  0.00507614
  0.00507614]
[ 0.00209644  0.00209644  0.00209644  0.29559748  0.00209644  0.48427673
  0.21174004]
[ 0.00348432  0.00348432  0.21254355  0.00348432  0.77003484  0.00348432
  0.00348432]
[ 0.00080841  0.4777688   0.00889248  0.065481    0.43734842  0.00889248
  0.00080841]
[ 0.68545994  0.00296736  0.00296736  0.24035608  0.06231454  0.00296736
  0.00296736]
[ 0.00218818  0.0678337   0.00218818  0.65864333  0.02407002  0.19912473
  0.04595186]
[ 0.00315457  0.06624606  0.00315457  0.03470032  0.79179811  0.03470032
  0.06624606]
[ 0.00655933  0.0005963   0.0005963   0.44186047  0.0005963   0.44186047
  0.10793083]
[ 0.00097371  0.20545278  0.00097371  0.0399221   0.40993184  0.14703019
  0.19571568]
[  6.07164542e-04   6.73952641e-02   3.09653916e-02   3.70370370e-02
   1.88221008e-02   8.44565877e-01   6.07164542e-04]
[ 0.01649175  0.2113943   0.00149925  0.34632684  0.00149925  0.00149925
  0.42128936]
[  5.08388409e-04   7.16827656e-02   9.20183020e-02   5.64311134e-02
   7.63091002e-01   1.57600407e-02   5.08388409e-04]
[  5.48081714e-03   1.20079721e-01   5.13702043e-01   4.98256104e-04
   2.24713503e-01   3.03936223e-02   1.05132038e-01]
[ 0.00218818  0.04595186  0.00218818  0.83369803  0.00218818  0.11159737
  0.00218818]
[ 0.00389105  0.00389105  0.00389105  0.50972763  0.00389105  0.00389105
  0.47081712]
[ 0.60191847  0.00239808  0.00239808  0.38609113  0.00239808  0.00239808
  0.00239808]
