[ 0.00952381  0.00952381  0.00952381  0.96190476  0.00952381]
[ 0.56404494  0.00224719  0.42921348  0.00224719  0.00224719]
[ 0.00645161  0.00645161  0.00645161  0.97419355  0.00645161]
[ 0.23921569  0.00392157  0.74901961  0.00392157  0.00392157]
[ 0.33248408  0.00127389  0.09044586  0.00127389  0.57452229]
[ 0.00098522  0.00098522  0.48374384  0.51330049  0.00098522]
[ 0.17894737  0.00350877  0.52982456  0.28421053  0.00350877]
[ 0.00298507  0.00298507  0.00298507  0.00298507  0.9880597 ]
[ 0.00408163  0.08571429  0.00408163  0.04489796  0.86122449]
[ 0.0018018   0.0018018   0.01981982  0.0018018   0.97477477]
[ 0.08282828  0.0020202   0.0020202   0.02222222  0.89090909]
[ 0.87169811  0.00377358  0.00377358  0.00377358  0.11698113]
[ 0.008  0.008  0.008  0.968  0.008]
[ 0.00952381  0.1047619   0.00952381  0.00952381  0.86666667]
[ 0.00176991  0.00176991  0.16106195  0.00176991  0.83362832]
[ 0.00148148  0.03111111  0.00148148  0.00148148  0.96444444]
[ 0.63902439  0.05365854  0.00487805  0.00487805  0.29756098]
[ 0.00130719  0.00130719  0.28888889  0.00130719  0.70718954]
[ 0.00102564  0.05230769  0.00102564  0.00102564  0.94461538]
[ 0.00307692  0.00307692  0.00307692  0.89538462  0.09538462]
[ 0.04242424  0.0020202   0.0020202   0.0020202   0.95151515]
[ 0.00289855  0.26376812  0.00289855  0.00289855  0.72753623]
[ 0.00465116  0.00465116  0.98139535  0.00465116  0.00465116]
[ 0.00136054  0.00136054  0.3414966   0.04217687  0.61360544]
[ 0.00487805  0.00487805  0.83414634  0.00487805  0.15121951]
[ 0.17052632  0.00210526  0.63368421  0.19157895  0.00210526]
[ 0.00689655  0.00689655  0.00689655  0.00689655  0.97241379]
[ 0.00148148  0.04592593  0.00148148  0.00148148  0.94962963]
[ 0.01818182  0.01818182  0.92727273  0.01818182  0.01818182]
[ 0.75483871  0.00215054  0.00215054  0.23870968  0.00215054]
[ 0.02857143  0.02857143  0.02857143  0.88571429  0.02857143]
[ 0.00289855  0.03188406  0.11884058  0.03188406  0.81449275]
[ 0.00266667  0.00266667  0.296       0.00266667  0.696     ]
[ 0.00078431  0.04        0.05568627  0.61254902  0.29098039]
[ 0.00952381  0.00952381  0.96190476  0.00952381  0.00952381]
[ 0.90234742  0.00093897  0.09483568  0.00093897  0.00093897]
[ 0.00740741  0.00740741  0.74814815  0.22962963  0.00740741]
[ 0.00194175  0.00194175  0.00194175  0.99223301  0.00194175]
[ 0.82564103  0.00512821  0.15897436  0.00512821  0.00512821]
[ 0.00224719  0.13707865  0.85617978  0.00224719  0.00224719]
[ 0.00327869  0.00327869  0.00327869  0.00327869  0.98688525]
[ 0.87586207  0.00229885  0.11724138  0.00229885  0.00229885]
[ 0.71612903  0.26451613  0.00645161  0.00645161  0.00645161]
[ 0.00465116  0.00465116  0.98139535  0.00465116  0.00465116]
[ 0.00327869  0.00327869  0.62622951  0.00327869  0.36393443]
[ 0.5960396  0.1009901  0.0019802  0.2990099  0.0019802]
[ 0.80363636  0.00363636  0.14909091  0.04        0.00363636]
[ 0.00952381  0.00952381  0.96190476  0.00952381  0.00952381]
[ 0.98297872  0.00425532  0.00425532  0.00425532  0.00425532]
[ 0.0020202   0.0020202   0.0020202   0.0020202   0.99191919]
[ 0.98545455  0.00363636  0.00363636  0.00363636  0.00363636]
[ 0.00350877  0.00350877  0.00350877  0.74035088  0.24912281]
[ 0.86666667  0.00392157  0.00392157  0.12156863  0.00392157]
[ 0.00289855  0.00289855  0.00289855  0.9884058   0.00289855]
[ 0.00444444  0.00444444  0.98222222  0.00444444  0.00444444]
[ 0.0011976   0.0011976   0.0011976   0.0011976   0.99520958]
[ 0.00689655  0.42068966  0.00689655  0.00689655  0.55862069]
[ 0.01333333  0.01333333  0.94666667  0.01333333  0.01333333]
[ 0.00645161  0.52258065  0.45806452  0.00645161  0.00645161]
[ 0.01538462  0.01538462  0.16923077  0.78461538  0.01538462]
[ 0.00186916  0.00186916  0.22616822  0.15140187  0.61869159]
[ 0.01052632  0.01052632  0.95789474  0.01052632  0.01052632]
[ 0.00115607  0.00115607  0.00115607  0.97225434  0.02427746]
[ 0.728  0.008  0.008  0.008  0.248]
[ 0.00392157  0.00392157  0.4745098   0.51372549  0.00392157]
[ 0.00363636  0.00363636  0.62181818  0.11272727  0.25818182]
[ 0.00106952  0.00106952  0.34331551  0.00106952  0.65347594]
[ 0.23478261  0.00289855  0.17681159  0.03188406  0.55362319]
[ 0.00444444  0.00444444  0.67111111  0.27111111  0.04888889]
[ 0.00408163  0.00408163  0.00408163  0.00408163  0.98367347]
[ 0.67179487  0.00512821  0.00512821  0.00512821  0.31282051]
[ 0.00101523  0.00101523  0.03147208  0.00101523  0.96548223]
[  6.55737705e-04   9.97377049e-01   6.55737705e-04   6.55737705e-04
   6.55737705e-04]
[ 0.14666667  0.01333333  0.68        0.14666667  0.01333333]
[ 0.09647059  0.00235294  0.00235294  0.00235294  0.89647059]
[ 0.00392157  0.00392157  0.00392157  0.00392157  0.98431373]
[  7.32600733e-04   7.32600733e-04   9.09157509e-01   7.32600733e-04
   8.86446886e-02]
[  1.03323263e-01   6.04229607e-04   6.04229607e-04   6.64652568e-03
   8.88821752e-01]
[ 0.00115607  0.00115607  0.17456647  0.00115607  0.82196532]
[ 0.34025974  0.0025974   0.65194805  0.0025974   0.0025974 ]
[ 0.0893617   0.0893617   0.00425532  0.81276596  0.00425532]
[ 0.98596491  0.00350877  0.00350877  0.00350877  0.00350877]
[ 0.86666667  0.00392157  0.00392157  0.00392157  0.12156863]
[ 0.2556962   0.00253165  0.00253165  0.73670886  0.00253165]
[ 0.00134228  0.00134228  0.55167785  0.37718121  0.06845638]
[ 0.00118343  0.00118343  0.09585799  0.00118343  0.90059172]
[ 0.89906542  0.00186916  0.00186916  0.07663551  0.02056075]
[ 0.69382716  0.05185185  0.00246914  0.00246914  0.24938272]
[ 0.00289855  0.00289855  0.87246377  0.00289855  0.11884058]
[  5.83090379e-04   5.83090379e-04   8.81049563e-01   8.80466472e-02
   2.97376093e-02]
[ 0.93170732  0.00487805  0.05365854  0.00487805  0.00487805]
[ 0.97575758  0.00606061  0.00606061  0.00606061  0.00606061]
[ 0.00116959  0.00116959  0.00116959  0.00116959  0.99532164]
[ 0.96190476  0.00952381  0.00952381  0.00952381  0.00952381]
[ 0.93576642  0.00145985  0.00145985  0.05985401  0.00145985]
[ 0.78536585  0.00487805  0.2         0.00487805  0.00487805]
[ 0.00869565  0.00869565  0.1826087   0.00869565  0.79130435]
[  4.26439232e-04   9.64179104e-01   4.26439232e-04   3.45415778e-02
   4.26439232e-04]
[ 0.99483871  0.00129032  0.00129032  0.00129032  0.00129032]
[ 0.97241379  0.00689655  0.00689655  0.00689655  0.00689655]
[  9.74707260e-01   4.68384075e-04   4.68384075e-04   4.68384075e-04
   2.38875878e-02]
[ 0.82196532  0.00115607  0.00115607  0.01271676  0.16300578]
[ 0.00425532  0.00425532  0.00425532  0.00425532  0.98297872]
[ 0.52        0.00085106  0.05191489  0.42638298  0.00085106]
[ 0.0016  0.0016  0.0176  0.9776  0.0016]
[ 0.856       0.00266667  0.136       0.00266667  0.00266667]
[ 0.09281046  0.00130719  0.90326797  0.00130719  0.00130719]
[ 0.9908046   0.00229885  0.00229885  0.00229885  0.00229885]
[ 0.93846154  0.01538462  0.01538462  0.01538462  0.01538462]
[  8.23045267e-04   8.23045267e-04   4.19753086e-02   9.55555556e-01
   8.23045267e-04]
[ 0.00129032  0.41419355  0.58193548  0.00129032  0.00129032]
[ 0.64210526  0.01052632  0.11578947  0.22105263  0.01052632]
[ 0.8939759   0.00240964  0.09879518  0.00240964  0.00240964]
[ 0.84122137  0.00152672  0.00152672  0.00152672  0.15419847]
[ 0.00327869  0.26557377  0.69180328  0.00327869  0.03606557]
[ 0.00606061  0.06666667  0.18787879  0.12727273  0.61212121]
[ 0.3037037   0.00740741  0.00740741  0.67407407  0.00740741]
[ 0.00148148  0.00148148  0.83111111  0.00148148  0.16444444]
[ 0.00266667  0.00266667  0.02933333  0.10933333  0.856     ]
[ 0.47692308  0.01538462  0.47692308  0.01538462  0.01538462]
[ 0.98987342  0.00253165  0.00253165  0.00253165  0.00253165]
[ 0.94509804  0.00392157  0.00392157  0.00392157  0.04313725]
[ 0.98431373  0.00392157  0.00392157  0.00392157  0.00392157]
[ 0.00606061  0.00606061  0.97575758  0.00606061  0.00606061]
[ 0.03459916  0.00084388  0.3721519   0.00084388  0.59156118]
[ 0.00540541  0.00540541  0.16756757  0.00540541  0.81621622]
[ 0.00165289  0.01818182  0.00165289  0.00165289  0.9768595 ]
[ 0.00127389  0.00127389  0.16687898  0.00127389  0.82929936]
[ 0.00114286  0.00114286  0.504       0.01257143  0.48114286]
[ 0.2         0.01818182  0.74545455  0.01818182  0.01818182]
[ 0.9804878   0.00487805  0.00487805  0.00487805  0.00487805]
[ 0.00115607  0.00115607  0.00115607  0.00115607  0.99537572]
[ 0.50654206  0.00186916  0.00186916  0.00186916  0.48785047]
[ 0.00444444  0.00444444  0.09333333  0.00444444  0.89333333]
[ 0.01538462  0.01538462  0.01538462  0.93846154  0.01538462]
[ 0.00869565  0.35652174  0.6173913   0.00869565  0.00869565]
[ 0.00952381  0.77142857  0.2         0.00952381  0.00952381]
[ 0.00377358  0.04150943  0.87169811  0.00377358  0.07924528]
[ 0.01848739  0.00168067  0.00168067  0.00168067  0.97647059]
[ 0.07586207  0.14482759  0.00689655  0.76551724  0.00689655]
[ 0.00869565  0.00869565  0.00869565  0.09565217  0.87826087]
[ 0.00298507  0.00298507  0.00298507  0.27164179  0.71940299]
[ 0.77142857  0.00952381  0.00952381  0.1047619   0.1047619 ]
[ 0.00327869  0.00327869  0.00327869  0.95409836  0.03606557]
[ 0.02857143  0.02857143  0.02857143  0.88571429  0.02857143]
[ 0.01052632  0.01052632  0.01052632  0.74736842  0.22105263]
[ 0.0020202   0.0020202   0.02222222  0.97171717  0.0020202 ]
[ 0.34857143  0.00571429  0.17714286  0.46285714  0.00571429]
[ 0.01517241  0.00137931  0.01517241  0.00137931  0.96689655]
[  7.84313725e-04   7.84313725e-04   7.84313725e-04   8.63529412e-01
   1.34117647e-01]
[ 0.40088889  0.00088889  0.00088889  0.00977778  0.58755556]
[ 0.2952381   0.00952381  0.00952381  0.67619048  0.00952381]
[ 0.00425532  0.00425532  0.00425532  0.00425532  0.98297872]
[ 0.79161677  0.0011976   0.20479042  0.0011976   0.0011976 ]
[ 0.0025974   0.0025974   0.0025974   0.0025974   0.98961039]
[ 0.02018349  0.00183486  0.05688073  0.00183486  0.91926606]
[ 0.98238994  0.01383648  0.00125786  0.00125786  0.00125786]
[ 0.72307692  0.00512821  0.05641026  0.00512821  0.21025641]
[ 0.97948718  0.00512821  0.00512821  0.00512821  0.00512821]
[ 0.9654321   0.00246914  0.02716049  0.00246914  0.00246914]
[ 0.00307692  0.00307692  0.34153846  0.00307692  0.64923077]
[ 0.00645161  0.00645161  0.00645161  0.97419355  0.00645161]
[ 0.00190476  0.02095238  0.00190476  0.97333333  0.00190476]
[ 0.0010582   0.0010582   0.31851852  0.02222222  0.65714286]
[ 0.24444444  0.02222222  0.68888889  0.02222222  0.02222222]
[ 0.92727273  0.01818182  0.01818182  0.01818182  0.01818182]
[ 0.00235294  0.00235294  0.00235294  0.89647059  0.09647059]
[ 0.19304348  0.01913043  0.33217391  0.45391304  0.00173913]
[ 0.00215054  0.00215054  0.00215054  0.19569892  0.79784946]
[ 0.89793103  0.05655172  0.00137931  0.00137931  0.04275862]
[ 0.00350877  0.00350877  0.00350877  0.00350877  0.98596491]
[ 0.00266667  0.00266667  0.34933333  0.00266667  0.64266667]
[ 0.00090498  0.24524887  0.00090498  0.00090498  0.7520362 ]
[ 0.01333333  0.01333333  0.68        0.01333333  0.28      ]
[ 0.00273973  0.00273973  0.00273973  0.00273973  0.9890411 ]
[ 0.0010582   0.04338624  0.03280423  0.92169312  0.0010582 ]
[ 0.00088106  0.39735683  0.00088106  0.00088106  0.6       ]
[ 0.00088889  0.44533333  0.00088889  0.00088889  0.552     ]
[ 0.25517241  0.04827586  0.37011494  0.32413793  0.00229885]
[ 0.00118343  0.00118343  0.8887574   0.10769231  0.00118343]
[ 0.00571429  0.00571429  0.92        0.06285714  0.00571429]
[ 0.98596491  0.00350877  0.00350877  0.00350877  0.00350877]
[ 0.12653061  0.08571429  0.77959184  0.00408163  0.00408163]
[ 0.00307692  0.00307692  0.98769231  0.00307692  0.00307692]
[ 0.00392157  0.00392157  0.90588235  0.00392157  0.08235294]
[ 0.00350877  0.00350877  0.00350877  0.00350877  0.98596491]
[ 0.00246914  0.00246914  0.05185185  0.00246914  0.94074074]
[ 0.00118343  0.00118343  0.8295858   0.16686391  0.00118343]
[ 0.00100503  0.00100503  0.00100503  0.9959799   0.00100503]
[ 0.98297872  0.00425532  0.00425532  0.00425532  0.00425532]
[ 0.82933333  0.00266667  0.00266667  0.02933333  0.136     ]
[ 0.32631579  0.01052632  0.64210526  0.01052632  0.01052632]
[ 0.00377358  0.00377358  0.00377358  0.98490566  0.00377358]
[ 0.17510373  0.01742739  0.06721992  0.00082988  0.73941909]
[ 0.0025974   0.02857143  0.0025974   0.0025974   0.96363636]
[ 0.00190476  0.00190476  0.02095238  0.00190476  0.97333333]
[ 0.00116959  0.00116959  0.0128655   0.04795322  0.93684211]
[ 0.02222222  0.02222222  0.02222222  0.02222222  0.91111111]
[ 0.00689655  0.00689655  0.97241379  0.00689655  0.00689655]
[ 0.00130719  0.00130719  0.02745098  0.00130719  0.96862745]
[  9.77777778e-03   8.88888889e-04   7.20000000e-02   8.88888889e-04
   9.16444444e-01]
[ 0.008  0.008  0.968  0.008  0.008]
[ 0.01333333  0.01333333  0.81333333  0.14666667  0.01333333]
[ 0.00145985  0.04525547  0.14744526  0.00145985  0.80437956]
[ 0.00098522  0.01083744  0.68078818  0.00098522  0.30640394]
[ 0.67179487  0.00512821  0.31282051  0.00512821  0.00512821]
[ 0.78461538  0.01538462  0.16923077  0.01538462  0.01538462]
[ 0.0011976   0.25269461  0.0011976   0.0011976   0.74371257]
[ 0.00148148  0.00148148  0.56444444  0.00148148  0.43111111]
[ 0.00122699  0.00122699  0.00122699  0.08711656  0.90920245]
[ 0.01151832  0.00104712  0.7026178   0.00104712  0.28376963]
[ 0.00129032  0.00129032  0.22064516  0.00129032  0.77548387]
[ 0.78305085  0.00338983  0.20677966  0.00338983  0.00338983]
[ 0.00155039  0.00155039  0.99379845  0.00155039  0.00155039]
[ 0.00129032  0.10451613  0.00129032  0.00129032  0.8916129 ]
[ 0.21025641  0.00512821  0.72307692  0.00512821  0.05641026]
[ 0.01647059  0.28313725  0.00078431  0.00078431  0.69882353]
[ 0.00152672  0.00152672  0.09312977  0.00152672  0.90229008]
[  9.52380952e-03   8.65800866e-04   8.65800866e-04   9.52380952e-03
   9.79220779e-01]
[ 0.056       0.24266667  0.00266667  0.00266667  0.696     ]
[ 0.94666667  0.01333333  0.01333333  0.01333333  0.01333333]
[  8.29875519e-04   8.29875519e-04   5.06224066e-02   9.46887967e-01
   8.29875519e-04]
[ 0.14482759  0.00689655  0.2137931   0.00689655  0.62758621]
[ 0.00155039  0.01705426  0.00155039  0.00155039  0.97829457]
[ 0.00152672  0.04732824  0.00152672  0.00152672  0.9480916 ]
[ 0.00645161  0.00645161  0.71612903  0.00645161  0.26451613]
[  9.13242009e-04   9.13242009e-04   1.91780822e-02   1.91780822e-02
   9.59817352e-01]
[ 0.07924528  0.00377358  0.00377358  0.00377358  0.90943396]
[ 0.00090498  0.32669683  0.00090498  0.00090498  0.67058824]
[ 0.00338983  0.00338983  0.64745763  0.03728814  0.30847458]
[ 0.00101523  0.00101523  0.03147208  0.95532995  0.01116751]
[ 0.12727273  0.00606061  0.73333333  0.00606061  0.12727273]
[ 0.96521739  0.00869565  0.00869565  0.00869565  0.00869565]
[  8.27762040e-01   5.66572238e-04   1.70538244e-01   5.66572238e-04
   5.66572238e-04]
[ 0.11855204  0.00090498  0.7158371   0.1638009   0.00090498]
[ 0.00253165  0.00253165  0.0278481   0.00253165  0.96455696]
[ 0.06845638  0.09530201  0.41744966  0.00134228  0.41744966]
[ 0.00101523  0.00101523  0.04162437  0.94517766  0.01116751]
[ 0.97575758  0.00606061  0.00606061  0.00606061  0.00606061]
[ 0.95789474  0.01052632  0.01052632  0.01052632  0.01052632]
[ 0.00124224  0.31180124  0.00124224  0.00124224  0.68447205]
[ 0.01052632  0.01052632  0.01052632  0.85263158  0.11578947]
[ 0.45904762  0.00190476  0.00190476  0.5352381   0.00190476]
[ 0.44175824  0.0021978   0.55164835  0.0021978   0.0021978 ]
[ 0.00224719  0.06966292  0.09213483  0.00224719  0.83370787]
[ 0.00540541  0.00540541  0.92432432  0.00540541  0.05945946]
[ 0.00155039  0.09457364  0.00155039  0.00155039  0.90077519]
[ 0.00298507  0.06268657  0.00298507  0.00298507  0.92835821]
[ 0.00124224  0.00124224  0.31180124  0.21242236  0.47329193]
[ 0.00155039  0.32713178  0.00155039  0.01705426  0.65271318]
[ 0.57740113  0.00112994  0.00112994  0.02372881  0.39661017]
[ 0.76986301  0.00273973  0.00273973  0.00273973  0.22191781]
[ 0.21980198  0.0019802   0.0019802   0.0019802   0.77425743]
[ 0.97419355  0.00645161  0.00645161  0.00645161  0.00645161]
[ 0.98596491  0.00350877  0.00350877  0.00350877  0.00350877]
[ 0.00100503  0.02110553  0.51356784  0.46331658  0.00100503]
[  9.21658986e-04   9.96313364e-01   9.21658986e-04   9.21658986e-04
   9.21658986e-04]
[ 0.37902098  0.0013986   0.02937063  0.58881119  0.0013986 ]
[  7.96812749e-04   9.96812749e-01   7.96812749e-04   7.96812749e-04
   7.96812749e-04]
[ 0.1826087   0.00869565  0.00869565  0.00869565  0.79130435]
[ 0.00176991  0.00176991  0.42654867  0.00176991  0.56814159]
[  4.26439232e-04   9.51385928e-01   1.32196162e-02   3.02771855e-02
   4.69083156e-03]
[ 0.00240964  0.00240964  0.00240964  0.00240964  0.99036145]
[ 0.91111111  0.02222222  0.02222222  0.02222222  0.02222222]
[ 0.00206186  0.00206186  0.06391753  0.92989691  0.00206186]
[ 0.00124224  0.00124224  0.78385093  0.0136646   0.2       ]
[ 0.81276596  0.17446809  0.00425532  0.00425532  0.00425532]
[ 0.96853933  0.0247191   0.00224719  0.00224719  0.00224719]
[ 0.01052632  0.32631579  0.01052632  0.64210526  0.01052632]
[ 0.00108108  0.00108108  0.39027027  0.00108108  0.60648649]
[ 0.11884058  0.06086957  0.00289855  0.00289855  0.81449275]
[ 0.60754717  0.00377358  0.23018868  0.15471698  0.00377358]
[ 0.08732394  0.0028169   0.0028169   0.0028169   0.90422535]
[ 0.25673759  0.00141844  0.73900709  0.00141844  0.00141844]
[ 0.68        0.01333333  0.01333333  0.28        0.01333333]
[ 0.16701031  0.00206186  0.33195876  0.18762887  0.31134021]
[ 0.5755102   0.00408163  0.4122449   0.00408163  0.00408163]
[ 0.13027523  0.03853211  0.00183486  0.58899083  0.24036697]
[ 0.0031746   0.0031746   0.0031746   0.03492063  0.95555556]
[ 0.58095238  0.39047619  0.00952381  0.00952381  0.00952381]
[ 0.92727273  0.01818182  0.01818182  0.01818182  0.01818182]
[ 0.53684211  0.01052632  0.01052632  0.43157895  0.01052632]
[ 0.00101523  0.00101523  0.87411168  0.01116751  0.11269036]
[ 0.00186916  0.00186916  0.00186916  0.00186916  0.99252336]
[ 0.87826087  0.00869565  0.00869565  0.09565217  0.00869565]
[ 0.93488372  0.00465116  0.00465116  0.05116279  0.00465116]
[ 0.78461538  0.01538462  0.01538462  0.16923077  0.01538462]
[  5.27704485e-04   1.11345646e-01   1.06068602e-01   5.27704485e-04
   7.81530343e-01]
[ 0.03255814  0.04806202  0.1875969   0.03255814  0.69922481]
[ 0.00392157  0.08235294  0.90588235  0.00392157  0.00392157]
[ 0.00487805  0.00487805  0.9804878   0.00487805  0.00487805]
[ 0.00095694  0.00095694  0.81435407  0.02009569  0.16363636]
[ 0.00740741  0.00740741  0.00740741  0.97037037  0.00740741]
[ 0.0016  0.0016  0.9936  0.0016  0.0016]
[ 0.16923077  0.47692308  0.32307692  0.01538462  0.01538462]
[ 0.00137931  0.00137931  0.84275862  0.00137931  0.15310345]
[ 0.00112994  0.00112994  0.35141243  0.00112994  0.64519774]
[ 0.63577236  0.00162602  0.35934959  0.00162602  0.00162602]
[ 0.34339623  0.07924528  0.00377358  0.00377358  0.56981132]
[ 0.00298507  0.06268657  0.00298507  0.00298507  0.92835821]
[ 0.00122699  0.00122699  0.00122699  0.00122699  0.99509202]
[ 0.00606061  0.00606061  0.00606061  0.97575758  0.00606061]
[ 0.67272727  0.00606061  0.00606061  0.00606061  0.30909091]
[ 0.01538462  0.32307692  0.01538462  0.63076923  0.01538462]
[ 0.00097561  0.21560976  0.00097561  0.00097561  0.78146341]
[ 0.73333333  0.00606061  0.24848485  0.00606061  0.00606061]
[ 0.56065574  0.00327869  0.00327869  0.00327869  0.4295082 ]
[ 0.00152672  0.00152672  0.00152672  0.00152672  0.99389313]
[ 0.00512821  0.00512821  0.97948718  0.00512821  0.00512821]
[ 0.00190476  0.00190476  0.99238095  0.00190476  0.00190476]
[ 0.28761905  0.15428571  0.1352381   0.42095238  0.00190476]
[ 0.0020202   0.0020202   0.0020202   0.0020202   0.99191919]
[ 0.14330709  0.0015748   0.06456693  0.0015748   0.78897638]
[ 0.55294118  0.00392157  0.00392157  0.00392157  0.43529412]
[ 0.00392157  0.00392157  0.00392157  0.16078431  0.82745098]
[ 0.6516129   0.00645161  0.32903226  0.00645161  0.00645161]
[ 0.84  0.04  0.04  0.04  0.04]
[ 0.95942029  0.00289855  0.00289855  0.03188406  0.00289855]
[ 0.00224719  0.00224719  0.20449438  0.00224719  0.78876404]
[ 0.00512821  0.00512821  0.51794872  0.46666667  0.00512821]
[  7.11743772e-04   7.11743772e-04   9.75800712e-01   1.49466192e-02
   7.82918149e-03]
[ 0.00121212  0.00121212  0.81333333  0.00121212  0.1830303 ]
[ 0.84  0.04  0.04  0.04  0.04]
[ 0.2         0.00246914  0.00246914  0.00246914  0.79259259]
[ 0.17660819  0.00116959  0.69122807  0.12982456  0.00116959]
[ 0.67017544  0.07368421  0.00350877  0.00350877  0.24912281]
[ 0.6         0.02857143  0.31428571  0.02857143  0.02857143]
[ 0.4295082   0.00327869  0.00327869  0.56065574  0.00327869]
[ 0.18933333  0.00266667  0.18933333  0.00266667  0.616     ]
[ 0.00194175  0.00194175  0.99223301  0.00194175  0.00194175]
[ 0.73577982  0.00183486  0.07522936  0.1853211   0.00183486]
[ 0.65714286  0.00408163  0.00408163  0.00408163  0.33061224]
[ 0.57808219  0.00273973  0.33150685  0.00273973  0.08493151]
[ 0.38924731  0.00215054  0.60430108  0.00215054  0.00215054]
[ 0.00068729  0.00068729  0.33058419  0.00068729  0.66735395]
[ 0.01317365  0.0011976   0.0011976   0.98323353  0.0011976 ]
[  9.47867299e-04   9.47867299e-04   9.47867299e-04   9.96208531e-01
   9.47867299e-04]
[ 0.536       0.00266667  0.00266667  0.00266667  0.456     ]
[ 0.00487805  0.00487805  0.00487805  0.00487805  0.9804878 ]
[ 0.13191489  0.25957447  0.00425532  0.6         0.00425532]
[ 0.00392157  0.00392157  0.00392157  0.00392157  0.98431373]
[  6.15384615e-04   6.15384615e-04   8.00615385e-01   1.60615385e-01
   3.75384615e-02]
[ 0.00112994  0.00112994  0.89378531  0.00112994  0.10282486]
[  1.74840085e-02   4.26439232e-04   9.68443497e-01   4.69083156e-03
   8.95522388e-03]
[ 0.83797468  0.0278481   0.00253165  0.00253165  0.12911392]
[ 0.36        0.00210526  0.00210526  0.00210526  0.63368421]
[ 0.00141844  0.00141844  0.01560284  0.00141844  0.98014184]
[ 0.99338843  0.00165289  0.00165289  0.00165289  0.00165289]
[ 0.98730159  0.0031746   0.0031746   0.0031746   0.0031746 ]
[ 0.00150376  0.04661654  0.28721805  0.10676692  0.55789474]
[ 0.94666667  0.01333333  0.01333333  0.01333333  0.01333333]
[ 0.00087336  0.00087336  0.52489083  0.00087336  0.47248908]
[ 0.98297872  0.00425532  0.00425532  0.00425532  0.00425532]
[ 0.02933333  0.00266667  0.40266667  0.00266667  0.56266667]
[  8.16326531e-04   8.16326531e-04   9.06938776e-01   9.06122449e-02
   8.16326531e-04]
[ 0.94606742  0.04719101  0.00224719  0.00224719  0.00224719]
[  2.57261411e-02   8.29875519e-04   8.29875519e-04   9.71784232e-01
   8.29875519e-04]
[ 0.00110497  0.00110497  0.65303867  0.05635359  0.28839779]
[ 0.00094787  0.00094787  0.78767773  0.05781991  0.15260664]
[ 0.00102564  0.00102564  0.00102564  0.99589744  0.00102564]
[ 0.99503106  0.00124224  0.00124224  0.00124224  0.00124224]
[ 0.99012346  0.00246914  0.00246914  0.00246914  0.00246914]
[ 0.31006711  0.00134228  0.05503356  0.63221477  0.00134228]
[ 0.00307692  0.00307692  0.86461538  0.00307692  0.12615385]
[  4.31965443e-04   9.55075594e-01   4.31965443e-04   4.36285097e-02
   4.31965443e-04]
[ 0.99191919  0.0020202   0.0020202   0.0020202   0.0020202 ]
[ 0.83376623  0.0025974   0.0025974   0.0025974   0.15844156]
[ 0.68        0.01333333  0.28        0.01333333  0.01333333]
[ 0.61212121  0.00606061  0.00606061  0.06666667  0.30909091]
[ 0.00102564  0.00102564  0.02153846  0.97538462  0.00102564]
[ 0.00465116  0.33023256  0.00465116  0.00465116  0.65581395]
[ 0.00165289  0.00165289  0.00165289  0.00165289  0.99338843]
[ 0.00645161  0.00645161  0.45806452  0.00645161  0.52258065]
[  7.60456274e-04   9.96958175e-01   7.60456274e-04   7.60456274e-04
   7.60456274e-04]
[ 0.00089686  0.00089686  0.83497758  0.05470852  0.10852018]
[ 0.97575758  0.00606061  0.00606061  0.00606061  0.00606061]
[ 0.16923077  0.01538462  0.78461538  0.01538462  0.01538462]
[ 0.00246914  0.00246914  0.00246914  0.99012346  0.00246914]
[ 0.00392157  0.00392157  0.00392157  0.35686275  0.63137255]
[ 0.06074074  0.00148148  0.32740741  0.00148148  0.60888889]
[ 0.0011976   0.0011976   0.0251497   0.0011976   0.97125749]
[ 0.96164384  0.00273973  0.00273973  0.03013699  0.00273973]
[ 0.00571429  0.00571429  0.00571429  0.46285714  0.52      ]
[ 0.00869565  0.09565217  0.00869565  0.00869565  0.87826087]
[ 0.00235294  0.00235294  0.00235294  0.92        0.07294118]
[ 0.00350877  0.00350877  0.49473684  0.03859649  0.45964912]
[ 0.2091954   0.00229885  0.78390805  0.00229885  0.00229885]
[ 0.00689655  0.00689655  0.07586207  0.90344828  0.00689655]
[ 0.0020202   0.0020202   0.2040404   0.0020202   0.78989899]
[ 0.7915493  0.0028169  0.0028169  0.0028169  0.2      ]
[ 0.00266667  0.00266667  0.856       0.00266667  0.136     ]
[ 0.72765957  0.00425532  0.00425532  0.00425532  0.25957447]
[ 0.00240964  0.00240964  0.60481928  0.05060241  0.33975904]
[ 0.00122699  0.00122699  0.25889571  0.33251534  0.40613497]
[ 0.02222222  0.02222222  0.02222222  0.02222222  0.91111111]
[ 0.00540541  0.00540541  0.11351351  0.87027027  0.00540541]
[ 0.00606061  0.00606061  0.00606061  0.00606061  0.97575758]
[ 0.00229885  0.02528736  0.89885057  0.00229885  0.07126437]
[ 0.86666667  0.00952381  0.00952381  0.1047619   0.00952381]
[ 0.23428571  0.06285714  0.69142857  0.00571429  0.00571429]
[ 0.98139535  0.00465116  0.00465116  0.00465116  0.00465116]
[ 0.0028169   0.17183099  0.0028169   0.0028169   0.81971831]
